10
50 27848 15146 19161 1372549 50 6676 26182 22219 15135103
50000 28467 10243 18802 1372549 1000000 20783 30581 28908 15135103
100000 24133 9363 32155 1372549 1000000 10311 31780 1578 15135103
200000 5045 24403 8459 1372549 1000000 17565 1527 31504 15135103
1000000 21150 2637 18958 1372549 1000000 16152 246 11021 15135103
5000000 19698 13085 19631 1372549 5000000 22972 30437 6446 15135103
15000000 18446 1856 2335 1372549 15000000 10076 13106 14153 15135103
15130000 2477 27717 9422 1372549 20000000 18019 1842 9156 15135103
15135100 11694 11187 14578 1372549 20000000 30168 24996 16957 15135103
15135115 6761 16581 15481 1372549 20000000 14300 7595 11700 15135103
