1000
2 1 13483
3 1 525659
4 1 645364
5 2 624996
6 3 467520
7 3 350663
8 5 705628
9 6 719352
10 8 740860
11 8 539888
12 9 344139
13 11 729516
14 11 928888
15 12 8127
16 12 115511
17 14 217176
18 15 331149
19 7 898367
20 17 319286
21 18 759567
22 20 305258
23 20 661574
24 21 286125
25 22 4772
26 23 423618
27 24 543237
28 13 155419
29 26 974118
30 27 987060
31 4 964865
32 29 221250
33 30 482946
34 12 702349
35 32 689442
36 33 182379
37 24 763130
38 35 396384
39 36 754122
40 21 124615
41 38 391328
42 39 3066
43 32 370805
44 41 207434
45 42 317856
46 19 202765
47 44 730256
48 45 816060
49 12 849111
50 47 734120
51 48 815556
52 10 237667
53 50 481814
54 51 311442
55 7 529796
56 53 132516
57 54 317907
58 6 383121
59 56 342880
60 57 909474
61 4 442018
62 59 521510
63 60 580680
64 28 207769
65 62 670038
66 63 326226
67 20 99798
68 65 917978
69 66 494871
70 18 835009
71 68 726820
72 69 25776
73 31 965508
74 71 770924
75 72 267102
76 39 213967
77 74 94450
78 75 86691
79 35 331730
80 77 445698
81 78 421578
82 20 906822
83 80 984490
84 81 92583
85 57 370661
86 83 594248
87 84 161961
88 67 64941
89 86 239416
90 87 408786
91 62 880801
92 89 762600
93 90 165702
94 92 961928
95 92 539206
96 93 747966
97 62 820140
98 95 580236
99 96 198699
100 46 420572
101 98 336250
102 99 524019
103 43 544299
104 101 974364
105 102 178389
106 32 862318
107 104 4226
108 105 896151
109 82 749826
110 107 900678
111 108 476547
112 79 443268
113 110 93000
114 111 878946
115 102 200023
116 113 376624
117 114 176928
118 58 357857
119 116 928306
120 117 151824
121 65 963086
122 119 368136
123 120 657852
124 57 597452
125 122 120752
126 123 139068
127 65 388237
128 125 946292
129 126 112674
130 79 406025
131 128 886374
132 129 821121
133 35 733113
134 131 83360
135 132 557679
136 93 751772
137 134 416898
138 135 73563
139 58 143862
140 137 522550
141 138 581232
142 18 171980
143 140 134638
144 141 364953
145 80 893290
146 143 631776
147 144 748773
148 80 273502
149 146 136080
150 147 619449
151 26 487994
152 149 175048
153 150 183573
154 76 901397
155 152 438998
156 153 196461
157 125 746762
158 155 141336
159 156 416028
160 131 995768
161 158 302890
162 159 652908
163 123 165760
164 161 384888
165 162 917208
166 94 887690
167 164 17332
168 165 654855
169 148 222401
170 167 191958
171 168 813882
172 122 123154
173 170 615518
174 171 611181
175 158 388081
176 173 150552
177 174 785025
178 37 955668
179 176 793812
180 177 228195
181 158 427958
182 179 135274
183 180 529146
184 33 391637
185 182 289662
186 183 791370
187 127 995636
188 185 627768
189 186 662844
190 139 879578
191 188 882440
192 189 854220
193 84 322257
194 191 545704
195 192 760788
196 93 388328
197 194 730840
198 195 868101
199 123 3890
200 197 489766
201 198 203169
202 199 997829
203 200 78622
204 201 473988
205 4 526651
206 203 933146
207 204 104310
208 190 620980
209 206 50878
210 207 606612
211 58 992530
212 209 468530
213 210 585423
214 95 663804
215 212 7206
216 213 230547
217 40 579100
218 215 931926
219 216 160593
220 31 419681
221 218 846400
222 219 134535
223 179 39805
224 221 198958
225 222 864024
226 223 85992
227 224 392436
228 225 434781
229 207 130907
230 227 177512
231 228 946065
232 118 740246
233 230 805484
234 231 651105
235 224 46299
236 233 636842
237 234 64629
238 137 324016
239 236 697684
240 237 781050
241 200 782817
242 239 364128
243 240 593913
244 11 393596
245 242 35604
246 243 425091
247 242 443987
248 245 509812
249 246 923343
250 71 874558
251 248 190742
252 249 915936
253 141 23446
254 251 736336
255 252 392082
256 15 914682
257 254 448646
258 255 435732
259 73 581518
260 257 251678
261 258 639048
262 58 409143
263 260 681932
264 261 935703
265 197 159777
266 263 179464
267 264 828462
268 196 209913
269 266 695636
270 267 928410
271 222 662643
272 269 297528
273 270 775065
274 98 454405
275 272 761222
276 273 974082
277 24 484970
278 275 866902
279 276 691218
280 140 69665
281 278 715660
282 279 185970
283 281 713451
284 281 206608
285 282 786672
286 131 261008
287 284 946258
288 285 136035
289 174 434330
290 287 842252
291 288 771849
292 185 946713
293 290 350720
294 291 757404
295 42 676701
296 293 310134
297 294 312111
298 273 545471
299 296 141248
300 297 989283
301 159 265433
302 299 371640
303 300 409833
304 197 501513
305 302 149118
306 303 771780
307 193 801138
308 305 423996
309 306 601779
310 52 395771
311 308 22116
312 309 8622
313 147 58254
314 311 42220
315 312 439494
316 53 893082
317 314 12760
318 315 558096
319 166 190546
320 317 972018
321 318 550326
322 237 398508
323 320 167688
324 321 313083
325 58 551202
326 323 827574
327 324 764700
328 235 361012
329 326 967966
330 327 418638
331 209 349092
332 329 830118
333 330 810063
334 210 897080
335 332 895810
336 333 582765
337 20 563260
338 335 923944
339 336 294690
340 159 127102
341 338 140446
342 339 84318
343 300 861393
344 341 580394
345 342 252246
346 212 249866
347 344 296030
348 345 782925
349 2 252101
350 347 782930
351 348 452562
352 328 686305
353 350 649258
354 351 637425
355 346 327104
356 353 511244
357 354 375411
358 121 604808
359 356 746220
360 357 798969
361 170 142949
362 359 693506
363 360 352860
364 126 839556
365 362 647312
366 363 883791
367 293 426393
368 365 461278
369 366 910113
370 173 899419
371 368 10558
372 369 96366
373 94 230787
374 371 265546
375 372 722289
376 320 370000
377 374 477474
378 375 111006
379 57 756102
380 377 778926
381 378 807897
382 277 278890
383 380 559652
384 381 883140
385 332 845383
386 383 880760
387 384 619917
388 9 108525
389 386 221486
390 387 167730
391 122 833709
392 389 330000
393 390 515151
394 158 1630
395 392 119340
396 393 287454
397 354 978971
398 395 692574
399 396 879450
400 27 192002
401 398 733062
402 399 121566
403 258 511478
404 401 170254
405 402 842721
406 301 17374
407 404 867560
408 405 134859
409 26 831396
410 407 240970
411 408 438270
412 407 964919
413 410 514362
414 411 928170
415 355 754954
416 413 774716
417 414 886605
418 312 647315
419 416 204902
420 417 628440
421 326 875725
422 419 772110
423 420 531996
424 193 561334
425 422 479000
426 423 123273
427 169 417553
428 425 578794
429 426 205569
430 291 612964
431 428 721784
432 429 158133
433 293 407291
434 431 722106
435 432 944226
436 152 679460
437 434 861488
438 435 344238
439 233 912882
440 437 764966
441 438 656613
442 239 781882
443 440 362348
444 441 610764
445 274 670937
446 443 659164
447 444 985500
448 347 257900
449 446 897492
450 447 659097
451 83 640726
452 449 57986
453 450 644718
454 419 680125
455 452 653780
456 453 613668
457 83 475661
458 455 726852
459 456 578502
460 147 541236
461 458 979796
462 459 94044
463 104 110180
464 461 19980
465 462 676503
466 127 947028
467 464 920000
468 465 833676
469 79 645375
470 467 323972
471 468 749604
472 35 723492
473 470 371264
474 471 249420
475 331 878149
476 473 403030
477 474 787554
478 177 462376
479 476 166206
480 477 137556
481 334 600985
482 479 653996
483 480 921708
484 307 79205
485 482 491876
486 483 258420
487 358 840224
488 485 542128
489 486 3717
490 409 313568
491 488 5662
492 489 429531
493 44 98112
494 491 372364
495 492 129885
496 308 705247
497 494 795478
498 495 240606
499 447 939742
500 497 732904
501 498 696273
502 480 541413
503 500 470772
504 501 95595
505 293 653150
506 503 807984
507 504 773649
508 492 66041
509 506 893154
510 507 731088
511 420 262183
512 509 854032
513 510 162588
514 211 746910
515 512 783882
516 513 670578
517 81 891803
518 515 577966
519 516 832593
520 237 837595
521 518 585688
522 519 153039
523 155 264482
524 521 359286
525 522 325257
526 89 226292
527 524 939062
528 525 418782
529 137 745759
530 527 235026
531 528 781152
532 470 579823
533 530 544076
534 531 246876
535 249 934967
536 533 638188
537 534 981861
538 205 159695
539 536 898820
540 537 819564
541 423 485393
542 539 939820
543 540 836307
544 200 933210
545 542 538696
546 543 529689
547 394 244175
548 545 851968
549 546 63696
550 102 840534
551 548 233604
552 549 571227
553 320 297817
554 551 624846
555 552 547410
556 441 294983
557 554 554786
558 555 372504
559 181 694034
560 557 900868
561 558 116259
562 130 126386
563 560 449480
564 561 802737
565 333 225184
566 563 321992
567 564 748971
568 360 142940
569 566 422628
570 567 923022
571 404 768680
572 569 71686
573 570 342369
574 511 725962
575 572 340704
576 573 189009
577 148 550094
578 575 56488
579 576 522645
580 359 613313
581 578 933156
582 579 71496
583 266 65527
584 581 357400
585 582 721524
586 114 10439
587 584 760282
588 585 130542
589 575 635658
590 587 338240
591 588 104856
592 578 439327
593 590 780078
594 591 745623
595 503 389674
596 593 39178
597 594 877464
598 507 365968
599 596 726280
600 597 932847
601 228 536253
602 599 801568
603 600 801570
604 401 725598
605 602 945298
606 603 139269
607 522 143079
608 605 817450
609 606 321993
610 542 226446
611 608 381048
612 609 925830
613 229 546702
614 611 598292
615 612 283215
616 447 620645
617 614 862690
618 615 451659
619 283 419030
620 617 98826
621 618 525066
622 291 135144
623 620 89596
624 621 111831
625 209 882406
626 623 324402
627 624 898581
628 26 451741
629 626 377582
630 627 526263
631 591 325729
632 629 610936
633 630 648102
634 168 846919
635 632 152546
636 633 124353
637 403 933676
638 635 289990
639 636 491319
640 71 819373
641 638 532932
642 639 225009
643 60 859309
644 641 820422
645 642 118671
646 465 357011
647 644 962108
648 645 615360
649 137 880393
650 647 929442
651 648 320613
652 279 306238
653 650 430582
654 651 434196
655 571 641573
656 653 645890
657 654 747798
658 494 835571
659 656 42714
660 657 423663
661 314 917413
662 659 350740
663 660 435417
664 380 26424
665 662 624338
666 663 272145
667 290 116718
668 665 97534
669 666 514359
670 46 275088
671 668 813770
672 669 850833
673 94 803751
674 671 81006
675 672 7359
676 511 367170
677 674 308778
678 675 125376
679 511 616755
680 677 604810
681 678 186993
682 557 6737
683 680 794078
684 681 661203
685 373 280631
686 683 1086
687 684 94089
688 153 988932
689 686 64908
690 687 155040
691 434 390426
692 689 918068
693 690 460407
694 548 762015
695 692 274276
696 693 511047
697 183 813311
698 695 632598
699 696 301236
700 58 599911
701 698 278282
702 699 83352
703 557 152267
704 701 10318
705 702 752847
706 580 193057
707 704 54702
708 705 436221
709 232 13092
710 707 367236
711 708 402279
712 110 857747
713 710 622644
714 711 178464
715 17 21103
716 713 691942
717 714 323418
718 246 610496
719 716 231690
720 717 396609
721 637 957137
722 719 499482
723 720 306459
724 248 82543
725 722 59928
726 723 780120
727 631 65198
728 725 995852
729 726 436587
730 269 372708
731 728 181834
732 729 109767
733 120 479404
734 731 899048
735 732 567258
736 361 478308
737 734 807432
738 735 427998
739 379 142383
740 737 923412
741 738 524673
742 336 627636
743 740 381244
744 741 905409
745 630 428829
746 743 985980
747 744 168834
748 500 38617
749 746 501714
750 747 372237
751 342 867291
752 749 534858
753 750 860844
754 297 87385
755 752 45042
756 753 281091
757 112 443917
758 755 788264
759 756 968277
760 640 644919
761 758 805384
762 759 357813
763 128 967833
764 761 407806
765 762 920250
766 224 638906
767 764 643708
768 765 641442
769 492 760100
770 767 138426
771 768 894273
772 84 837158
773 770 95160
774 771 906390
775 305 764882
776 773 859010
777 774 854370
778 743 766080
779 776 34280
780 777 885939
781 284 980297
782 779 255428
783 780 910914
784 393 977613
785 782 126388
786 783 380484
787 37 16366
788 785 878694
789 786 572346
790 574 709586
791 788 230792
792 789 68820
793 710 595365
794 791 195604
795 792 53889
796 433 185364
797 794 237452
798 795 866136
799 554 946004
800 797 392696
801 798 170184
802 698 725081
803 800 699370
804 801 393171
805 516 852895
806 803 590524
807 804 3117
808 40 852645
809 806 505742
810 807 375480
811 84 308908
812 809 516682
813 810 435342
814 74 857788
815 812 579616
816 813 445536
817 157 240928
818 815 138314
819 816 326589
820 193 386725
821 818 100234
822 819 167781
823 322 616991
824 821 818410
825 822 767427
826 129 651556
827 824 848376
828 825 522918
829 384 328015
830 827 661520
831 828 779151
832 791 49919
833 830 354964
834 831 330078
835 584 138965
836 833 506282
837 834 800124
838 718 439801
839 836 287172
840 837 385089
841 143 181333
842 839 336414
843 840 381792
844 505 730329
845 842 564342
846 843 228648
847 497 224053
848 845 626072
849 846 367038
850 526 345442
851 848 965588
852 849 90048
853 609 301082
854 851 78274
855 852 291273
856 384 236635
857 854 958534
858 855 123750
859 348 687336
860 857 60806
861 858 621078
862 693 22856
863 860 790582
864 861 374172
865 30 75397
866 863 639630
867 864 898413
868 343 261486
869 866 637648
870 867 129573
871 89 715350
872 869 14532
873 870 601158
874 825 526674
875 872 891772
876 873 716385
877 286 714687
878 875 159568
879 876 73752
880 691 934522
881 878 859044
882 879 842073
883 484 313061
884 881 364768
885 882 763788
886 697 864937
887 884 785204
888 885 124590
889 9 505967
890 887 967002
891 888 479640
892 639 978342
893 890 233684
894 891 319968
895 163 569856
896 893 957354
897 894 321111
898 496 478772
899 896 725936
900 897 838704
901 147 947838
902 899 679036
903 900 931143
904 209 778010
905 902 726256
906 903 462822
907 510 520653
908 905 213366
909 906 607944
910 779 82460
911 908 675326
912 909 319638
913 609 939219
914 911 782852
915 912 870612
916 84 926208
917 914 491398
918 915 109356
919 514 928373
920 917 522318
921 918 453954
922 11 921673
923 920 595888
924 921 523143
925 369 492311
926 923 922754
927 924 743721
928 315 547005
929 926 70054
930 927 5361
931 221 54495
932 929 561800
933 930 888738
934 745 707938
935 932 156308
936 933 671127
937 372 535985
938 935 260552
939 936 445827
940 513 586812
941 938 709604
942 939 261075
943 309 335412
944 941 330416
945 942 784794
946 40 622544
947 944 764412
948 945 597645
949 383 661578
950 947 598822
951 948 21126
952 847 716067
953 950 76556
954 951 186678
955 614 353563
956 953 951062
957 954 789249
958 515 341434
959 956 665272
960 957 240438
961 724 118922
962 959 61034
963 960 439890
964 234 845594
965 962 543726
966 963 542031
967 702 673597
968 965 482252
969 966 913686
970 739 526729
971 968 842966
972 969 867567
973 793 463768
974 971 575206
975 972 395931
976 713 224970
977 974 255644
978 975 353139
979 219 67841
980 977 819874
981 978 175065
982 73 240868
983 980 799208
984 981 393378
985 664 332445
986 983 390376
987 984 163134
988 296 893339
989 986 743396
990 987 813864
991 885 421904
992 989 500454
993 990 659877
994 446 725108
995 992 996092
996 993 259155
997 251 536128
998 995 978114
999 996 117003
1000 506 64692
100
56 705432
636 986212
333 278969
1 993282
783 935737
475 903778
638 692175
353 991452
686 572712
735 723108
333 687005
481 741052
633 239461
422 908088
729 278224
688 660243
578 444552
763 770125
838 608061
56 864728
79 422506
852 829140
537 729932
703 293952
719 38360
815 961563
670 914836
363 911316
213 386428
489 272994
540 510969
832 794922
370 515190
643 198081
640 260130
786 423965
861 328716
296 388605
840 674846
960 871489
961 436353
843 964011
865 881591
308 180127
222 154505
493 545489
796 99518
849 87639
365 857080
343 719636
349 642358
946 899141
410 75156
995 581494
664 25041
734 318474
150 976569
356 74928
259 75777
11 749598
260 83368
440 190083
82 954761
606 941454
490 701586
796 422910
626 973312
255 173516
788 188859
342 705387
132 988865
85 228324
468 994895
699 681490
184 327828
980 667778
157 519148
671 638316
277 66308
724 405489
610 706112
838 290380
262 995658
662 468762
139 916898
786 909928
306 233332
904 229890
85 718605
799 719508
544 286101
970 313532
596 52984
274 869525
19 384394
656 776070
625 228348
701 794334
933 738393
284 684069
