998
2 1 166053
3 2 688069
4 3 236465
5 2 527630
6 3 565158
7 3 833556
8 5 468012
9 6 294642
10 8 275974
11 8 863020
12 9 181614
13 5 333879
14 11 420286
15 12 862590
16 15 573897
17 14 162296
18 15 814290
19 4 287057
20 17 888734
21 18 316509
22 6 822617
23 20 1110
24 21 751701
25 16 221793
26 23 573170
27 24 230511
28 8 831449
29 26 833640
30 27 971499
31 16 123113
32 29 17624
33 30 456867
34 7 234090
35 32 399694
36 33 545142
37 32 262826
38 35 500726
39 36 324870
40 7 93739
41 38 270314
42 39 498762
43 6 197924
44 41 672236
45 42 491886
46 13 676095
47 44 935136
48 45 486585
49 10 699546
50 47 412
51 48 458178
52 2 58374
53 50 274770
54 51 919716
55 8 431435
56 53 892070
57 54 565323
58 51 349282
59 56 910178
60 57 842118
61 2 391417
62 59 328880
63 60 494070
64 17 621747
65 62 133678
66 63 896898
67 60 200613
68 65 405276
69 66 228603
70 9 489306
71 68 570398
72 69 723864
73 11 101840
74 71 521864
75 72 357822
76 24 166073
77 74 887760
78 75 827499
79 45 917370
80 77 784472
81 78 812955
82 70 366767
83 80 973160
84 81 303555
85 79 792998
86 83 525102
87 84 754545
88 40 657696
89 86 709254
90 87 790224
91 26 479507
92 89 864878
93 90 626046
94 52 709290
95 92 987598
96 93 436485
97 68 654723
98 95 194358
99 96 38769
100 77 388912
101 98 131360
102 99 709812
103 80 401655
104 101 359020
105 102 316977
106 89 533714
107 104 909216
108 105 364539
109 51 526512
110 107 811886
111 108 4764
112 11 363250
113 110 146478
114 111 852450
115 98 233454
116 113 987810
117 114 2796
118 87 670384
119 116 747056
120 117 686184
121 12 926324
122 119 627688
123 120 207618
124 28 266669
125 122 558786
126 123 787737
127 83 817729
128 125 472608
129 126 466935
130 81 820746
131 128 747850
132 129 157785
133 126 763607
134 131 227696
135 132 283077
136 67 238185
137 134 533290
138 135 309408
139 62 581367
140 137 387192
141 138 112227
142 25 335979
143 140 929476
144 141 610434
145 27 949986
146 143 780314
147 144 5787
148 141 775535
149 146 145144
150 147 533622
151 72 211736
152 149 207546
153 150 792273
154 62 151320
155 152 260456
156 153 641973
157 41 14044
158 155 495030
159 156 637344
160 117 411398
161 158 215736
162 159 834810
163 144 271213
164 161 581810
165 162 913842
166 151 880538
167 164 578826
168 165 499668
169 161 937357
170 167 229330
171 168 565179
172 16 713462
173 170 443648
174 171 333075
175 56 549885
176 173 420724
177 174 943311
178 102 561594
179 176 574904
180 177 883605
181 135 158525
182 179 848958
183 180 400836
184 37 91720
185 182 52314
186 183 308484
187 146 421904
188 185 414094
189 186 834018
190 6 9280
191 188 292164
192 189 653826
193 79 20085
194 191 449546
195 192 700209
196 77 540291
197 194 847514
198 195 134841
199 160 587374
200 197 259986
201 198 449496
202 117 265970
203 200 978940
204 201 383976
205 148 514172
206 203 266184
207 204 850101
208 127 764527
209 206 356364
210 207 521457
211 21 781408
212 209 788110
213 210 289641
214 98 540122
215 212 178992
216 213 677268
217 187 860635
218 215 83590
219 216 117483
220 79 312149
221 218 8198
222 219 486996
223 140 32237
224 221 934802
225 222 862848
226 47 493247
227 224 116784
228 225 307893
229 105 928921
230 227 178388
231 228 991410
232 225 605884
233 230 535570
234 231 582246
235 141 694046
236 233 800622
237 234 608784
238 234 436522
239 236 123406
240 237 523923
241 192 816126
242 239 89922
243 240 415800
244 97 5228
245 242 868100
246 243 699423
247 182 446970
248 245 625716
249 246 7716
250 15 716066
251 248 694296
252 249 581949
253 32 945298
254 251 947682
255 252 330009
256 28 777453
257 254 583404
258 255 805482
259 113 424201
260 257 68658
261 258 176253
262 106 905647
263 260 365982
264 261 667764
265 83 614558
266 263 12802
267 264 910596
268 244 192072
269 266 365718
270 267 123588
271 115 957715
272 269 91384
273 270 337821
274 12 679577
275 272 355698
276 273 977733
277 247 767721
278 275 423732
279 276 100860
280 130 37188
281 278 743766
282 279 808167
283 34 639905
284 281 336408
285 282 548811
286 174 812649
287 284 823522
288 285 637425
289 238 322043
290 287 909062
291 288 232755
292 133 783338
293 290 90874
294 291 447459
295 282 225274
296 293 643424
297 294 350517
298 56 823654
299 296 872382
300 297 291453
301 2 356829
302 299 681608
303 300 319740
304 193 321344
305 302 428244
306 303 298143
307 146 732646
308 305 958752
309 306 457263
310 8 299161
311 308 769432
312 309 265950
313 303 117462
314 311 191882
315 312 599409
316 238 384336
317 314 498416
318 315 742719
319 45 859374
320 317 909418
321 318 826518
322 319 668040
323 320 339390
324 321 818304
325 163 884270
326 323 21918
327 324 57087
328 192 31394
329 326 560866
330 327 336723
331 285 886873
332 329 163532
333 330 687078
334 320 619581
335 332 636864
336 333 49893
337 88 907054
338 335 81874
339 336 739749
340 270 905724
341 338 14394
342 339 729426
343 312 647983
344 341 684630
345 342 393570
346 133 910784
347 344 11760
348 345 288273
349 288 601629
350 347 839480
351 348 80976
352 308 394536
353 350 389446
354 351 663837
355 72 559609
356 353 18586
357 354 623049
358 145 333655
359 356 502620
360 357 149298
361 249 386051
362 359 959516
363 360 902991
364 337 178222
365 362 290262
366 363 923568
367 347 848253
368 365 80164
369 366 473307
370 328 780684
371 368 17364
372 369 637470
373 320 713321
374 371 82322
375 372 4455
376 365 877780
377 374 550970
378 375 93096
379 343 451654
380 377 686218
381 378 364566
382 297 212135
383 380 832680
384 381 308415
385 320 104214
386 383 496234
387 384 754152
388 332 178020
389 386 719236
390 387 568806
391 44 215385
392 389 342230
393 390 595167
394 17 299502
395 392 742186
396 393 595887
397 247 438162
398 395 178096
399 396 497298
400 74 610022
401 398 580290
402 399 710433
403 146 954496
404 401 201564
405 402 557196
406 113 556587
407 404 383976
408 405 242985
409 71 80485
410 407 138040
411 408 704928
412 230 219488
413 410 952772
414 411 886218
415 63 391874
416 413 844074
417 414 638169
418 122 663269
419 416 601140
420 417 230019
421 145 689624
422 419 910930
423 420 401250
424 340 865628
425 422 663578
426 423 526062
427 187 252584
428 425 628560
429 426 71640
430 168 912357
431 428 106140
432 429 795555
433 373 573682
434 431 425290
435 432 61248
436 80 762401
437 434 835030
438 435 316077
439 94 747576
440 437 53280
441 438 1368
442 67 537266
443 440 947504
444 441 336078
445 411 43003
446 443 905076
447 444 614772
448 10 257080
449 446 433928
450 447 788403
451 230 770172
452 449 649768
453 450 848379
454 15 31828
455 452 174208
456 453 897489
457 27 377340
458 455 869534
459 456 790500
460 327 830183
461 458 984636
462 459 111543
463 214 924988
464 461 990650
465 462 204696
466 242 506771
467 464 843614
468 465 143037
469 284 313468
470 467 362778
471 468 293535
472 105 607929
473 470 528326
474 471 18192
475 271 208063
476 473 780066
477 474 18891
478 59 267704
479 476 472280
480 477 404409
481 103 266628
482 479 691382
483 480 478404
484 59 915379
485 482 278452
486 483 353802
487 302 35789
488 485 992692
489 486 38373
490 395 237066
491 488 708286
492 489 891414
493 416 818138
494 491 842754
495 492 662994
496 80 756063
497 494 30808
498 495 692538
499 407 765102
500 497 152832
501 498 640965
502 410 405138
503 500 691746
504 501 593676
505 363 776904
506 503 74702
507 504 551781
508 110 557764
509 506 269694
510 507 721320
511 348 980651
512 509 694802
513 510 120639
514 9 764310
515 512 472786
516 513 432090
517 120 728662
518 515 678316
519 516 336204
520 452 684906
521 518 94714
522 519 560877
523 154 818378
524 521 963070
525 522 369687
526 49 923936
527 524 847774
528 525 387144
529 246 683338
530 527 403882
531 528 758820
532 528 475354
533 530 482652
534 531 375
535 169 772950
536 533 81042
537 534 980934
538 97 237368
539 536 72278
540 537 808977
541 162 296622
542 539 297114
543 540 786324
544 184 588891
545 542 902322
546 543 773316
547 215 115860
548 545 82144
549 546 164547
550 531 900260
551 548 566220
552 549 421251
553 521 713929
554 551 477512
555 552 2742
556 50 691509
557 554 19596
558 555 66033
559 47 928078
560 557 909942
561 558 40896
562 367 692398
563 560 921680
564 561 218964
565 540 693668
566 563 614344
567 564 19629
568 59 935025
569 566 443194
570 567 634983
571 291 34635
572 569 770596
573 570 7623
574 36 621214
575 572 862254
576 573 322935
577 258 418438
578 575 901482
579 576 523260
580 261 731606
581 578 659150
582 579 507966
583 270 684820
584 581 427706
585 582 156957
586 372 311034
587 584 956154
588 585 817341
589 170 138615
590 587 475770
591 588 639660
592 147 77612
593 590 448790
594 591 838602
595 80 548144
596 593 579914
597 594 661794
598 587 162956
599 596 329026
600 597 664470
601 339 590399
602 599 187340
603 600 26976
604 550 360828
605 602 85474
606 603 972555
607 275 976615
608 605 327330
609 606 554142
610 79 129435
611 608 721686
612 609 409827
613 566 610471
614 611 796590
615 612 783084
616 406 389324
617 614 6916
618 615 362301
619 188 517057
620 617 188756
621 618 978753
622 524 230704
623 620 948872
624 621 203181
625 11 746806
626 623 490162
627 624 557001
628 108 813543
629 626 208264
630 627 801759
631 621 624199
632 629 789484
633 630 187197
634 131 812882
635 632 22374
636 633 660195
637 538 295285
638 635 201062
639 636 269067
640 30 867986
641 638 849028
642 639 454491
643 595 238528
644 641 83070
645 642 819687
646 120 482505
647 644 962370
648 645 772116
649 50 906602
650 647 223130
651 648 114852
652 375 629527
653 650 129794
654 651 314967
655 614 851957
656 653 703770
657 654 576054
658 146 881117
659 656 986088
660 657 701163
661 589 430239
662 659 825888
663 660 561258
664 155 886269
665 662 481046
666 663 995001
667 234 991340
668 665 843278
669 666 937980
670 465 74455
671 668 253612
672 669 540828
673 369 103196
674 671 24964
675 672 972327
676 554 268620
677 674 726926
678 675 657531
679 378 124143
680 677 636138
681 678 478848
682 360 323134
683 680 253150
684 681 164418
685 303 201383
686 683 229788
687 684 34521
688 130 991117
689 686 85244
690 687 330543
691 538 363590
692 689 668286
693 690 325206
694 164 180955
695 692 997642
696 693 767667
697 535 839114
698 695 792498
699 696 509037
700 302 303303
701 698 585580
702 699 148839
703 74 439735
704 701 377946
705 702 891909
706 591 818612
707 704 115204
708 705 443451
709 617 845901
710 707 196890
711 708 596817
712 424 231491
713 710 134836
714 711 13950
715 584 925004
716 713 687568
717 714 506058
718 61 699923
719 716 725978
720 717 425580
721 644 213302
722 719 98914
723 720 161307
724 179 677063
725 722 131806
726 723 459
727 113 135820
728 725 11504
729 726 423975
730 30 872896
731 728 696222
732 729 236172
733 497 549839
734 731 318746
735 732 48306
736 181 994461
737 734 557758
738 735 458157
739 660 939968
740 737 772486
741 738 995718
742 649 580353
743 740 482590
744 741 1608
745 56 888224
746 743 4820
747 744 537435
748 551 995149
749 746 467874
750 747 465561
751 697 789359
752 749 459238
753 750 515688
754 231 231200
755 752 640426
756 753 183777
757 625 324975
758 755 830302
759 756 773349
760 377 587165
761 758 794522
762 759 607155
763 280 720033
764 761 765470
765 762 664884
766 443 236517
767 764 798996
768 765 338304
769 148 704582
770 767 698120
771 768 778833
772 731 360919
773 770 536184
774 771 854022
775 236 286623
776 773 868992
777 774 480870
778 555 75158
779 776 817448
780 777 343254
781 220 615532
782 779 290276
783 780 670407
784 221 523778
785 782 994570
786 783 448584
787 509 820527
788 785 119768
789 786 159123
790 566 293693
791 788 399420
792 789 726108
793 567 681322
794 791 395392
795 792 919104
796 406 961575
797 794 406304
798 795 844308
799 579 753692
800 797 417404
801 798 839457
802 414 473697
803 800 191386
804 801 879402
805 523 334982
806 803 966444
807 804 581226
808 32 660621
809 806 213004
810 807 862266
811 601 585771
812 809 481206
813 810 231822
814 719 231691
815 812 684310
816 813 204180
817 721 819082
818 815 866426
819 816 969273
820 506 675004
821 818 955098
822 819 124392
823 745 76838
824 821 416218
825 822 22590
826 521 510146
827 824 148222
828 825 195219
829 685 767678
830 827 835640
831 828 45186
832 116 577405
833 830 246816
834 831 64530
835 605 538324
836 833 852214
837 834 286782
838 611 610254
839 836 828706
840 837 62955
841 138 169577
842 839 8054
843 840 864636
844 750 815574
845 842 350376
846 843 438954
847 120 123965
848 845 492890
849 846 518112
850 738 60791
851 848 233940
852 849 750417
853 126 52499
854 851 329412
855 852 132729
856 369 581265
857 854 52742
858 855 195978
859 703 247914
860 857 591576
861 858 436470
862 410 232902
863 860 298594
864 861 471984
865 43 573508
866 863 491700
867 864 419607
868 71 875830
869 866 469000
870 867 704658
871 811 941218
872 869 344446
873 870 344943
874 297 241730
875 872 736284
876 873 208770
877 546 473797
878 875 293524
879 876 859623
880 398 768332
881 878 944128
882 879 15555
883 277 753517
884 881 505116
885 882 967371
886 494 110260
887 884 203476
888 885 591318
889 363 111453
890 887 247030
891 888 766095
892 248 137371
893 890 798652
894 891 698274
895 290 236628
896 893 827780
897 894 696021
898 299 380066
899 896 233944
900 897 375993
901 325 912276
902 899 192360
903 900 591228
904 31 671147
905 902 263116
906 903 762165
907 7 883038
908 905 853380
909 906 651882
910 369 336790
911 908 140408
912 909 393894
913 306 271539
914 911 396282
915 912 718509
916 486 576389
917 914 379968
918 915 75690
919 9 121875
920 917 541548
921 918 526083
922 422 108312
923 920 145734
924 921 439467
925 680 943232
926 923 453564
927 924 670314
928 717 676784
929 926 36010
930 927 652137
931 685 675452
932 929 605964
933 930 430485
934 918 148526
935 932 120654
936 933 334677
937 880 941702
938 935 319936
939 936 507066
940 833 990836
941 938 864408
942 939 417063
943 741 141152
944 941 309942
945 942 158463
946 466 462626
947 944 821030
948 945 877914
949 722 672778
950 947 861268
951 948 938622
952 161 735898
953 950 539418
954 951 238302
955 923 958663
956 953 23418
957 954 434652
958 912 90812
959 956 773976
960 957 516999
961 566 478998
962 959 722248
963 960 749568
964 171 131497
965 962 965058
966 963 162663
967 223 988025
968 965 313508
969 966 220902
970 140 882818
971 968 678648
972 969 9102
973 211 836145
974 971 39726
975 972 294621
976 32 333865
977 974 53854
978 975 867369
979 430 738879
980 977 558984
981 978 49182
982 277 981566
983 980 693524
984 981 545211
985 243 62308
986 983 81940
987 984 676230
988 190 730786
989 986 915262
990 987 304875
991 489 788640
992 989 696180
993 990 167118
994 847 146871
995 992 879166
996 993 638745
997 780 186870
998 995 191178
100
684 717642
895 452091
361 923310
695 733058
363 185624
236 793848
120 371118
528 136230
790 60384
787 607278
651 313024
737 268146
67 377043
626 832830
574 304409
169 801134
440 402474
841 707684
685 423112
470 287559
520 427518
425 872589
442 296100
452 303288
852 966902
315 438426
493 884966
742 360348
668 764072
607 260193
371 959239
110 392466
246 446520
670 703217
298 345096
870 865356
884 652766
495 754404
691 994893
468 836024
236 658476
561 749773
268 334092
746 64623
519 516832
778 636284
971 753411
953 205656
923 626899
831 861706
915 218109
204 623964
989 336251
394 999680
677 888770
969 571653
747 378432
680 974730
210 396591
636 302286
242 293176
339 394496
617 169802
237 321086
643 512734
280 140470
514 207927
356 351324
375 293352
938 132540
365 616672
118 505778
81 93135
934 330984
673 802602
62 857067
922 204111
124 254118
177 478971
100 420056
827 261717
454 760983
763 828654
208 111693
559 622762
489 596388
603 881812
658 904941
68 631702
138 120236
74 870615
340 445868
980 745650
484 778263
384 769988
553 896322
249 227892
832 128700
403 13708
309 962424
