300
2 1 328592
3 2 251625
4 1 460990
5 2 203924
6 3 100869
7 2 38570
8 5 960908
9 6 4704
10 3 558543
11 8 191700
12 9 912729
13 1 521579
14 11 654668
15 12 770094
16 13 177153
17 14 147676
18 15 526242
19 1 640856
20 17 654712
21 18 232875
22 5 366394
23 20 186008
24 21 876483
25 11 939895
26 23 33214
27 24 443016
28 19 766175
29 26 562610
30 27 15942
31 5 786315
32 29 652424
33 30 638052
34 7 131925
35 32 627412
36 33 634971
37 31 249563
38 35 518076
39 36 566949
40 39 351296
41 38 13608
42 39 984459
43 21 793963
44 41 960842
45 42 348585
46 17 485830
47 44 917592
48 45 415305
49 32 967744
50 47 792982
51 48 551799
52 36 427211
53 50 706318
54 51 255906
55 37 92127
56 53 6158
57 54 923499
58 40 139381
59 56 844658
60 57 168123
61 46 274061
62 59 895386
63 60 614196
64 31 987241
65 62 978610
66 63 450072
67 56 964240
68 65 371558
69 66 696450
70 68 44236
71 68 321140
72 69 293757
73 25 748395
74 71 470682
75 72 42354
76 53 941378
77 74 579684
78 75 8592
79 55 675941
80 77 895714
81 78 777780
82 43 232560
83 80 293420
84 81 621156
85 13 858562
86 83 230950
87 84 899118
88 61 312957
89 86 96118
90 87 410565
91 14 540679
92 89 385616
93 90 445671
94 71 751563
95 92 250284
96 93 755952
97 70 247225
98 95 914316
99 96 906705
100 45 205762
101 98 763064
102 99 93246
103 35 628637
104 101 870914
105 102 244458
106 36 372421
107 104 67074
108 105 798618
109 8 895737
110 107 776412
111 108 399486
112 28 640314
113 110 743352
114 111 68031
115 103 992272
116 113 538374
117 114 298551
118 100 881350
119 116 38272
120 117 4407
121 64 767721
122 119 131752
123 120 454377
124 18 717645
125 122 233800
126 123 501087
127 22 22728
128 125 190638
129 126 357585
130 83 694197
131 128 33590
132 129 580791
133 104 423666
134 131 976128
135 132 578973
136 37 971874
137 134 6454
138 135 465651
139 123 191660
140 137 590730
141 138 849579
142 103 110778
143 140 538610
144 141 315321
145 109 598971
146 143 102066
147 144 677400
148 7 632290
149 146 834388
150 147 593973
151 80 47332
152 149 921064
153 150 173790
154 107 93310
155 152 32134
156 153 804309
157 44 142317
158 155 630928
159 156 167646
160 155 779380
161 158 647920
162 159 34206
163 22 91418
164 161 783192
165 162 702762
166 34 778921
167 164 830336
168 165 564219
169 79 560880
170 167 447850
171 168 244377
172 56 156033
173 170 312860
174 171 363126
175 73 324147
176 173 484972
177 174 368049
178 52 577890
179 176 701362
180 177 873057
181 20 475115
182 179 668686
183 180 597096
184 32 389104
185 182 786728
186 183 934191
187 21 920666
188 185 458548
189 186 452592
190 7 497426
191 188 86826
192 189 995205
193 101 811462
194 191 886028
195 192 213555
196 160 800618
197 194 28066
198 195 300795
199 39 653045
200 197 686398
201 198 800385
202 115 236000
203 200 265722
204 201 166281
205 36 929386
206 203 857526
207 204 204180
208 18 789207
209 206 767260
210 207 152082
211 199 148396
212 209 890012
213 210 899676
214 145 830773
215 212 354290
216 213 842892
217 48 818047
218 215 686620
219 216 272547
220 15 448670
221 218 309924
222 219 725196
223 62 303144
224 221 915294
225 222 603159
226 196 301176
227 224 658720
228 225 792954
229 165 543212
230 227 608972
231 228 617085
232 154 531368
233 230 61068
234 231 816285
235 150 548945
236 233 256594
237 234 441906
238 147 972562
239 236 453524
240 237 580080
241 30 189530
242 239 82904
243 240 721374
244 14 611932
245 242 582818
246 243 128577
247 4 717838
248 245 787016
249 246 146919
250 178 119723
251 248 522912
252 249 557631
253 169 627313
254 251 789390
255 252 74370
256 143 538211
257 254 659960
258 255 141966
259 190 238728
260 257 511762
261 258 781578
262 229 938090
263 260 717780
264 261 723210
265 185 294936
266 263 246656
267 264 888564
268 59 173028
269 266 947358
270 267 339684
271 72 199014
272 269 625984
273 270 596112
274 36 441527
275 272 693568
276 273 569274
277 106 59895
278 275 359484
279 276 531222
280 116 426952
281 278 35490
282 279 864321
283 222 315793
284 281 932768
285 282 186198
286 172 662780
287 284 648112
288 285 907563
289 232 615991
290 287 25876
291 288 420141
292 165 160055
293 290 409814
294 291 13242
295 94 997424
296 293 334596
297 294 746592
298 2 645662
299 296 329594
300 297 403749
100
282 904712
52 288962
34 243954
12 498264
197 270597
243 572472
47 35929
41 614091
111 660892
280 435378
68 217894
1 576129
61 992808
173 941181
54 904266
92 326933
197 340798
126 840585
57 211192
80 824188
87 118406
242 82884
62 306820
208 523801
113 465030
201 390810
291 193224
108 178230
52 987152
170 888984
221 872890
144 795480
220 508824
70 163852
208 44136
235 168309
251 498461
53 303852
267 754253
20 132340
156 534768
284 851996
270 257753
179 261870
17 132059
71 338912
298 991492
148 966608
103 117444
86 929356
234 961532
106 827637
194 486447
237 24045
258 727230
283 234512
76 394804
289 470558
268 649362
246 502810
195 275601
77 434891
263 580975
74 979914
58 424891
86 45978
166 136077
37 229665
186 789336
53 838304
166 666296
63 769724
70 661250
55 904470
95 106192
226 411681
111 62740
75 411137
246 92416
148 516372
181 155358
163 83537
1 661214
75 862824
118 234514
42 808442
172 74268
262 74591
203 811491
226 176558
107 219444
74 689163
24 256514
186 748764
45 752445
5 826987
168 304488
49 895348
100 119024
60 444262
