正在比较文件 out 和 ..\HUGE_DATA\NETWORK.OUT
***** out
475808
475774
475774
475765
475764
476413
476864
476866
476867
476868
476837
476963
476787
476787
476787
476787
476711
476705
476705
476709
476709
476709
476709
478784
479196
479196
479186
479105
479092
478492
478492
478450
478535
478535
478539
478536
478396
478396
478393
478334
478331
478330
478285
478393
478271
478397
478375
478457
478475
478475
478475
***** ..\HUGE_DATA\NETWORK.OUT
480128
480124
480124
480115
480115
480803
481193
481196
481197
481198
481199
481327
481059
481059
481059
481059
481002
480993
480993
480997
480997
480997
480997
481970
482392
482392
482385
482301
482301
481742
481740
481724
481729
481729
481733
481730
481612
481612
481608
481513
481516
481515
481454
481565
481479
481592
481549
481624
481644
481644
481644
*****

