21  4 22 27 29 32 34 37 48 53 55 56 66 70 76 80 83 88 94 97 98 99
-1
34 2 4 6 10 12 13 14 16 17 18 19 23 29 39 40 41 45 51 55 56 60 62 66 67 68 71 73 81 83 84 85 90 92 96
-1
28 2 4 8 11 14 16 18 23 24 25 31 37 42 45 50 58 64 65 68 74 75 78 79 80 85 90 91 93
-1
-1
52 3 5 6 9 10 11 13 14 16 17 18 20 21 23 28 29 31 33 34 36 42 44 45 46 47 49 50 51 54 55 58 59 61 62 63 66 67 69 74 75 76 77 78 79 80 81 83 86 87 88 89 90
45  2 6 7 8 9 13 16 17 20 21 26 28 31 32 34 37 38 39 41 43 45 47 49 50 53 55 56 57 60 64 72 73 74 79 82 84 85 87 89 91 94 96 98 99 100
35  5 6 11 13 14 16 17 18 19 22 23 25 27 28 29 31 41 42 43 45 46 47 52 56 58 59 61 63 71 75 76 80 85 90 91
