2
20 4 30
0 1 1 0 0 3 0 1 0 2 2 3 2 3 2 2 2 0 1 0 
3 4 6
2 3 4 1
3 11 15
2 16 18 3
3 1 14
3 13 17
3 19 20
3 3 17
2 4 18 2
3 3 19
3 1 19
3 2 20
3 3 19
3 1 19
3 1 20
3 1 18
3 2 19
3 2 20
2 1 18 1
3 2 18
3 2 20
2 3 20 1
3 2 18
3 2 20
3 2 18
3 2 19
3 1 19
3 3 20
3 4 20
2 1 19 0
20 5 30
1 0 4 1 4 1 4 0 0 0 4 3 3 4 2 4 3 1 0 0 
3 4 6
2 3 4 4
3 11 15
2 16 18 2
3 1 14
3 13 17
3 19 20
3 3 17
2 4 18 4
3 3 19
3 1 19
3 2 20
3 3 19
3 1 19
3 1 20
3 1 18
3 2 19
3 2 20
2 1 18 3
3 2 18
3 2 20
2 3 20 1
3 2 18
3 2 20
3 2 18
3 2 19
3 1 19
3 3 20
3 4 20
2 1 19 1
