2
1000 4 1000
3 2 2 2 1 0 3 2 0 2 3 2 1 3 2 3 1 1 1 1 3 3 2 1 1 0 1 3 2 0 0 0 2 2 1 1 2 1 2 1 1 2 1 3 3 1 0 0 2 0 3 0 2 2 0 2 1 1 0 1 3 1 3 3 2 1 0 1 1 3 2 1 2 0 1 3 2 3 2 0 0 3 0 2 0 1 0 0 1 3 0 1 0 1 1 2 0 1 2 1 3 2 3 3 2 1 3 2 0 0 2 0 3 2 2 2 0 2 0 0 0 3 2 0 2 0 2 1 2 1 1 2 3 2 0 3 2 3 3 3 3 0 1 3 3 1 0 2 2 0 1 1 2 1 1 1 0 3 1 3 3 1 3 3 2 0 3 0 0 3 1 3 2 3 3 2 1 0 1 3 3 3 3 0 3 1 3 1 3 0 0 1 0 1 1 1 2 2 2 3 2 1 0 1 2 1 0 0 0 3 2 0 1 3 2 1 0 0 2 0 1 1 1 2 3 2 3 0 1 2 2 3 0 2 1 2 2 2 3 2 1 2 3 2 3 0 1 3 0 0 3 1 0 0 1 3 3 2 1 3 3 2 3 1 1 0 0 2 2 2 2 0 3 1 0 0 2 2 1 3 3 3 2 1 3 3 3 3 0 2 3 2 2 0 1 1 1 1 1 0 2 1 3 1 2 1 0 3 0 1 2 0 2 3 3 3 3 0 1 3 3 3 0 3 0 3 3 2 0 0 0 0 3 3 3 2 2 0 0 2 0 1 0 3 0 2 1 0 3 1 1 2 3 3 2 3 0 2 2 1 2 0 0 3 0 0 1 2 0 0 1 3 2 3 3 3 1 3 2 3 3 1 0 1 0 3 3 1 3 3 3 1 0 3 3 1 2 0 3 2 3 3 1 3 3 1 2 1 2 2 0 1 0 0 2 0 3 0 0 3 0 1 3 2 2 0 3 1 3 0 3 1 3 3 0 0 2 0 3 1 1 2 0 2 1 2 3 2 3 1 0 1 3 0 1 2 2 3 1 0 1 2 2 0 1 2 0 2 3 1 0 2 1 1 2 1 2 3 3 0 0 1 1 0 1 0 0 3 2 0 0 2 0 0 0 3 3 2 3 0 3 2 2 1 3 2 1 3 3 3 1 1 3 2 1 0 0 1 3 1 1 3 2 2 2 0 1 1 0 2 3 3 1 1 1 1 1 1 3 3 1 2 2 2 3 3 1 0 2 3 3 1 0 0 1 0 1 0 1 2 1 2 2 2 1 0 0 3 2 2 2 2 3 0 2 3 0 0 1 0 3 2 0 3 1 3 2 1 0 3 3 0 0 2 0 2 0 1 0 2 3 2 3 3 2 1 1 3 3 1 1 2 2 2 2 2 3 0 1 1 0 0 0 0 0 1 3 3 1 3 2 3 2 3 2 3 0 1 3 2 2 1 0 3 3 0 1 3 3 3 2 3 0 1 1 1 2 1 2 0 0 2 0 1 1 2 3 2 3 1 3 1 0 3 0 2 2 2 0 1 3 0 1 0 0 1 3 1 1 2 0 2 2 2 3 1 0 3 1 3 3 3 2 0 2 0 3 1 0 1 0 1 2 0 1 3 1 0 1 0 1 2 2 0 2 3 2 3 1 3 1 2 3 1 0 2 2 1 2 0 0 2 1 2 0 1 3 1 1 2 2 3 2 2 0 3 0 1 3 2 2 0 3 0 3 1 1 0 3 2 1 0 2 0 3 1 2 1 3 1 3 3 1 2 1 2 2 2 0 0 0 3 3 0 3 1 3 1 1 1 1 3 3 1 3 2 2 1 3 2 1 0 0 3 3 0 1 2 3 2 3 0 2 1 2 1 1 0 3 3 0 2 1 1 2 2 2 2 1 3 3 2 1 2 2 2 0 2 2 3 1 2 0 1 1 1 1 1 1 2 0 1 1 3 2 2 0 0 3 3 2 3 3 0 2 2 0 1 0 3 1 3 2 3 3 3 1 3 0 3 2 3 2 2 1 3 0 0 2 2 3 0 3 0 2 3 1 1 2 2 2 0 1 0 3 1 1 3 1 1 1 3 1 2 3 2 0 2 0 1 0 1 0 3 1 3 0 1 2 2 1 2 0 0 2 0 3 3 1 3 2 2 2 0 2 3 1 1 2 2 1 3 2 1 1 3 3 3 1 1 1 2 0 2 0 0 1 1 0 2 0 0 0 0 2 0 1 3 3 3 2 0 3 0 3 1 3 0 3 1 
2 115 931 2
2 875 959 3
3 772 967
3 28 722
3 692 891
3 275 779
3 603 765
3 209 557
3 32 260
3 554 598
3 202 801
2 27 427 2
3 436 745
3 561 978
3 233 394
3 101 594
3 569 845
3 435 537
3 2 205
3 376 468
3 10 924
2 278 581 0
3 584 867
3 119 647
2 665 728 0
3 814 943
3 207 349
3 830 944
2 607 813 0
3 872 937
3 277 397
3 341 355
3 137 600
2 194 438 3
3 229 776
2 846 962 2
2 165 446 0
2 319 485 3
3 698 704
3 61 374
3 23 941
3 430 742
2 394 989 1
3 650 761
3 287 311
3 110 487
2 185 889 2
3 218 474
2 432 980 0
3 30 331
2 188 744 2
3 242 431
3 7 796
3 180 604
3 195 424
3 446 767
3 642 936
3 446 932
2 833 949 1
3 434 544
3 132 412
3 323 645
3 88 828
3 447 579
3 317 321
3 377 659
3 296 453
3 320 352
3 181 198
3 699 969
3 672 816
2 59 717 2
3 73 558
3 356 683
3 41 646
2 157 808 0
3 551 706
3 325 847
2 569 747 2
3 167 862
3 674 860
3 115 282
2 28 692 3
3 584 942
3 344 602
3 306 308
3 185 701
3 58 594
3 673 821
3 215 277
3 617 696
2 458 681 0
2 373 938 2
3 112 322
3 267 939
2 312 843 1
3 66 836
3 213 492
2 575 582 2
3 102 196
3 618 717
3 647 883
3 34 95
2 384 783 3
3 523 905
3 462 688
3 62 582
2 677 950 2
3 263 569
3 164 879
3 261 957
2 302 339 3
3 711 789
3 129 420
3 229 460
3 413 645
3 555 910
3 239 246
2 723 879 0
3 73 484
3 404 480
3 107 540
3 2 113
3 1 842
3 643 845
2 195 482 1
3 846 979
3 333 679
3 112 732
2 463 482 0
3 910 950
3 137 747
3 250 498
3 126 688
3 206 736
3 118 750
3 172 625
3 280 519
2 253 373 1
3 457 662
3 472 851
2 29 292 0
3 538 802
3 173 185
3 160 307
3 83 411
2 183 575 0
3 30 311
2 65 696 0
3 47 129
3 697 931
3 502 610
3 427 801
3 522 652
3 72 158
2 78 92 2
2 497 971 2
3 317 987
3 347 708
3 129 770
2 531 744 2
3 663 936
3 106 472
2 99 889 0
2 14 380 0
3 269 623
3 262 966
3 272 461
3 284 875
3 111 588
3 365 511
2 539 705 3
3 720 984
2 38 440 0
3 346 766
2 357 1000 3
3 503 802
2 282 971 0
2 667 802 2
3 199 306
3 186 216
2 203 396 1
3 312 659
2 225 663 3
3 671 684
3 6 705
2 116 239 1
2 452 757 2
2 573 746 1
2 148 214 2
3 382 634
3 47 818
3 414 716
3 22 983
2 277 991 3
2 363 621 3
3 6 764
3 323 983
3 703 986
2 144 916 2
3 785 848
3 198 637
3 628 719
3 204 316
3 57 211
3 309 718
3 702 769
3 79 616
3 229 785
3 254 677
3 636 734
3 136 519
3 713 760
3 85 593
3 30 157
2 311 618 0
3 296 308
3 246 497
2 592 674 0
2 192 608 2
3 150 645
2 44 156 2
3 270 778
3 150 227
2 610 858 0
3 32 637
3 158 395
3 50 379
3 370 756
2 43 210 0
3 210 335
3 721 827
2 38 478 0
3 223 762
3 178 935
3 220 401
2 445 453 1
2 79 907 3
3 114 793
3 76 87
3 377 950
3 163 966
3 314 563
3 43 697
3 260 668
2 348 869 2
3 697 708
3 601 878
2 292 892 2
2 645 810 0
2 300 525 2
2 488 601 2
3 169 400
3 151 300
2 33 295 0
3 840 950
3 55 193
3 209 670
3 787 869
3 111 782
3 142 274
3 65 185
3 32 763
3 128 942
3 411 924
2 359 943 2
3 210 314
3 640 712
2 241 821 0
2 773 818 0
3 320 880
3 24 427
3 283 465
3 239 839
3 115 944
3 28 785
3 24 439
2 5 739 0
3 191 556
2 135 325 1
2 2 769 2
2 611 824 1
3 564 739
3 329 408
3 469 614
3 794 836
3 152 338
3 43 76
2 38 42 3
3 58 773
2 150 168 3
3 208 230
3 620 844
3 563 596
3 75 610
3 506 650
2 29 32 2
2 431 653 1
3 155 793
3 220 403
3 248 775
3 21 679
2 511 562 2
3 528 798
3 332 356
3 235 647
3 37 944
2 405 441 1
3 422 708
2 239 633 2
3 993 995
2 283 325 2
3 439 876
3 786 994
3 18 792
3 320 393
3 18 938
3 105 305
3 724 897
3 443 509
2 400 502 1
3 563 974
3 369 752
2 738 789 2
3 147 948
3 416 545
3 432 649
2 653 686 1
2 297 325 2
2 397 761 2
3 380 575
2 246 894 0
3 146 903
3 117 818
3 10 935
3 57 936
2 159 907 0
3 18 839
3 97 902
3 83 948
2 19 904 0
3 255 966
3 96 837
3 49 965
3 16 853
3 63 778
3 181 916
3 6 800
3 216 944
3 46 939
3 158 981
3 46 842
3 191 904
3 34 867
2 169 977 2
2 128 884 0
2 233 1000 2
2 28 785 0
3 25 758
3 120 929
3 126 1000
2 128 959 0
3 65 969
3 198 955
3 18 734
3 1 966
3 128 884
3 194 918
2 139 900 1
3 14 723
3 90 807
3 32 959
3 19 744
2 50 845 2
3 13 811
2 77 949 0
3 274 978
3 138 859
3 44 855
2 60 867 2
2 120 855 2
3 71 785
3 150 861
3 259 982
2 23 742 3
3 60 773
2 79 798 0
3 88 911
2 87 862 0
3 70 814
3 153 934
3 99 948
3 222 990
2 12 717 1
3 155 925
3 119 846
2 65 960 3
3 57 874
3 15 813
3 159 874
3 51 937
3 187 912
3 125 867
3 156 876
3 49 936
2 28 898 3
2 131 954 0
3 124 962
2 79 843 0
2 51 977 2
2 141 988 2
3 15 826
2 68 792 2
3 48 821
3 17 747
3 28 852
3 19 945
3 142 998
3 53 873
2 16 858 0
3 178 951
3 98 989
3 250 995
3 36 941
2 235 978 2
3 150 988
3 101 972
3 226 927
3 72 842
3 269 986
3 150 946
3 176 945
3 145 911
3 123 982
2 218 959 1
2 79 912 1
3 3 970
2 6 728 0
3 103 819
2 144 987 1
3 226 934
3 91 836
3 158 960
3 13 780
3 217 930
3 67 819
3 126 978
3 22 844
2 2 800 1
3 14 740
2 132 914 2
3 180 979
3 37 915
3 44 893
3 230 977
2 142 865 3
3 183 906
3 128 879
3 106 822
3 96 881
3 110 914
3 81 886
3 51 842
3 55 978
2 141 924 0
3 42 969
2 24 991 2
3 64 850
3 181 927
2 75 778 2
3 23 793
3 65 912
3 84 932
3 3 802
3 102 869
3 53 757
3 123 1000
3 17 928
2 87 911 1
3 37 808
2 115 967 1
3 2 943
3 132 842
3 144 877
3 3 814
2 74 926 0
3 88 909
3 43 796
3 241 955
3 146 853
3 118 974
2 106 923 0
3 232 940
3 58 952
3 40 903
3 104 869
2 167 990 2
3 66 802
2 152 971 0
3 69 921
3 51 760
3 125 855
3 30 773
3 146 969
3 12 924
3 278 997
3 176 992
3 73 943
2 22 819 3
3 22 972
3 167 996
3 76 833
3 51 797
2 119 862 3
3 95 910
2 150 880 0
3 31 732
3 123 963
3 121 945
3 195 951
3 96 971
3 263 983
3 23 867
3 21 955
2 205 931 3
2 25 806 0
3 210 986
3 6 815
3 107 829
2 43 962 0
3 23 789
3 65 929
3 89 871
3 176 985
3 88 838
3 18 798
2 29 773 0
2 111 858 3
2 20 812 0
2 24 887 3
3 112 990
3 128 955
3 120 994
3 265 968
2 48 849 0
3 39 884
3 75 919
3 126 861
3 52 916
3 154 928
3 192 971
2 176 980 2
3 76 799
2 116 921 0
3 76 987
3 153 918
3 208 982
2 131 963 3
2 93 975 3
3 167 999
3 34 869
3 128 863
2 161 905 0
3 44 989
3 156 943
3 68 885
3 96 866
3 95 960
3 86 947
3 48 996
3 145 887
3 44 780
3 87 926
2 151 912 2
3 42 965
3 1 760
3 180 976
3 124 957
3 172 899
3 64 858
2 18 748 2
3 249 958
3 22 876
2 76 845 3
2 104 866 0
2 116 940 1
3 43 766
3 54 799
2 51 852 2
2 93 873 1
3 9 842
3 82 901
3 265 996
3 40 760
2 12 949 3
3 127 909
3 39 984
3 137 929
3 188 965
3 8 951
2 37 869 3
3 47 950
2 159 865 0
3 32 934
2 253 967 1
3 2 983
2 6 742 2
3 171 970
3 85 861
2 166 942 2
3 42 751
3 172 974
2 4 833 3
3 27 963
2 55 904 1
2 148 852 1
2 260 973 1
3 69 804
3 101 981
3 144 870
3 8 891
3 22 877
3 114 821
2 93 912 0
3 93 944
3 101 913
3 183 912
3 178 947
3 216 989
3 7 870
2 51 854 0
3 148 907
2 79 784 3
3 14 904
3 24 866
2 117 948 2
3 216 960
2 217 967 0
3 90 870
2 26 798 0
2 25 901 2
2 144 949 1
3 44 904
2 54 773 1
3 148 953
3 233 960
2 43 862 1
2 39 981 2
3 37 875
2 153 985 3
3 57 969
3 35 840
3 237 950
2 228 959 3
3 149 951
3 61 766
2 2 801 1
2 153 890 2
2 100 953 3
3 43 857
2 118 939 3
3 233 951
2 130 998 1
3 129 988
2 82 908 0
3 113 886
2 54 948 1
2 40 798 0
3 61 922
3 215 941
3 70 862
2 146 908 2
2 92 989 2
3 210 991
2 4 952 1
3 90 984
2 18 771 1
3 4 726
3 92 999
2 40 971 1
3 197 936
3 183 916
3 228 961
3 22 761
3 139 983
3 125 900
3 3 854
3 158 870
3 187 895
2 15 909 3
2 14 844 3
3 147 876
3 115 974
3 14 827
3 191 983
3 98 972
3 105 905
3 204 950
3 190 973
3 229 945
3 5 739
3 18 761
3 224 956
3 72 877
3 30 956
2 256 983 1
3 49 939
3 89 910
3 89 987
2 59 884 1
3 153 861
3 109 899
2 22 853 0
2 152 926 1
3 53 973
2 101 807 1
3 80 958
3 78 878
3 96 876
3 169 941
2 208 994 1
3 113 851
3 5 939
3 221 956
3 10 907
3 77 873
2 149 904 2
3 77 930
3 136 953
2 234 960 1
3 76 927
2 256 986 0
3 264 995
3 125 843
3 1 711
3 258 996
3 98 831
2 66 866 3
3 257 988
2 53 891 1
3 29 758
3 201 992
3 112 856
3 63 897
3 129 999
3 120 912
3 170 935
2 12 775 1
3 51 837
3 48 995
3 38 869
3 91 872
3 22 935
3 197 931
3 130 860
2 132 986 1
2 82 960 2
3 5 869
3 211 945
3 112 944
3 30 978
3 107 960
2 262 967 2
3 65 967
3 249 987
3 49 942
2 142 947 0
3 21 826
3 107 956
3 9 746
3 18 995
3 9 921
2 177 970 1
3 26 798
2 228 949 3
3 147 856
3 83 907
3 159 887
3 2 795
2 57 937 1
3 243 990
3 53 866
2 7 811 3
2 164 905 3
3 13 769
3 12 784
3 142 990
3 105 965
2 182 892 2
2 131 902 1
3 5 815
3 111 966
2 42 861 1
2 200 939 2
2 125 921 0
3 49 904
3 66 820
3 51 960
3 170 929
3 62 914
3 34 791
3 116 921
3 279 984
2 56 911 1
2 82 978 0
2 71 843 1
2 37 756 3
2 262 982 3
2 64 955 3
3 107 966
3 98 997
2 15 921 2
3 77 971
3 182 931
3 174 980
3 46 764
2 15 918 3
2 196 917 2
3 165 927
3 133 946
3 33 847
3 110 845
2 19 865 3
3 96 879
2 36 826 0
3 49 975
3 23 766
3 284 986
3 147 858
3 240 959
2 222 970 3
3 105 909
2 214 962 0
2 24 1000 0
3 130 951
2 19 736 1
3 97 989
2 131 864 0
3 225 932
2 223 935 3
2 34 929 2
3 119 877
3 29 810
3 13 878
2 21 947 3
3 66 938
3 1 810
3 218 993
3 9 836
3 106 959
2 257 959 3
3 78 817
2 80 861 0
3 60 806
3 85 871
3 102 895
2 224 973 2
3 32 854
3 6 845
3 153 967
3 86 945
3 143 857
3 102 811
3 84 786
3 116 845
3 72 854
3 145 873
3 108 946
3 52 995
2 172 884 2
3 26 973
3 58 920
3 31 884
3 137 899
3 108 854
3 68 804
3 44 928
3 61 837
3 247 979
2 168 946 3
2 124 944 2
3 244 953
3 56 789
2 26 867 1
3 125 850
2 69 947 0
2 43 937 2
2 29 885 0
2 12 837 2
3 73 980
2 40 780 0
3 12 836
3 57 990
3 113 844
3 48 775
3 36 747
2 49 877 0
3 98 829
3 204 990
2 29 828 1
3 64 944
3 230 969
2 93 968 0
3 231 975
3 103 831
3 94 905
3 120 893
2 256 989 2
3 65 823
3 129 959
3 26 749
2 82 980 1
3 94 843
3 86 917
3 4 803
3 260 979
3 15 854
3 9 864
3 29 752
3 61 998
3 12 925
2 125 873 1
3 58 925
3 92 884
3 176 907
3 178 948
3 116 983
3 172 989
3 276 992
2 78 887 1
3 17 937
3 90 919
3 101 909
3 31 970
2 1 804 0
2 33 866 1
3 65 786
3 218 968
3 27 812
2 88 914 1
3 27 998
3 49 926
3 72 963
2 1 969 2
3 111 897
3 7 909
3 113 968
3 49 766
3 157 895
3 22 888
3 223 969
3 148 861
3 51 921
3 36 739
3 133 886
3 6 942
2 110 844 3
2 32 948 2
3 185 982
3 4 717
3 19 958
3 103 951
3 124 918
3 204 932
2 65 788 1
3 86 843
3 178 993
3 280 989
3 28 932
2 103 939 2
3 53 906
3 234 998
2 22 764 0
2 9 805 3
3 123 989
3 258 960
3 229 954
3 154 954
2 68 968 2
3 157 937
3 26 905
3 31 762
3 122 955
2 157 908 1
2 159 936 2
3 194 960
3 254 990
3 50 910
2 148 987 2
2 187 979 2
3 169 979
3 71 985
3 110 931
3 12 944
3 20 737
3 140 877
2 55 787 1
2 32 861 3
2 97 812 2
3 130 966
1000 5 1000
4 0 4 1 0 0 2 4 0 1 4 1 4 0 1 3 2 3 2 0 2 3 1 0 2 4 0 2 0 0 1 4 1 3 1 0 3 2 0 2 3 4 2 1 3 4 1 4 1 0 4 3 0 0 0 3 0 4 2 1 2 0 3 3 4 1 4 2 2 4 3 3 1 3 1 2 0 3 3 1 4 4 1 0 1 2 0 4 4 4 0 0 3 3 0 1 0 3 3 3 2 3 4 0 3 2 0 0 3 3 4 4 4 0 2 2 4 0 0 4 4 1 3 0 1 1 3 2 1 0 2 1 4 2 2 0 2 2 2 1 0 0 3 2 2 0 3 2 2 2 1 0 2 4 4 3 3 3 1 3 3 1 1 1 0 4 2 4 0 4 3 2 1 4 4 0 4 3 4 4 1 3 4 0 3 3 3 0 3 2 4 3 3 2 3 3 0 4 3 3 0 0 3 2 1 0 0 1 4 4 4 4 3 1 4 1 1 2 4 3 3 0 3 0 4 2 2 1 0 0 4 2 4 1 4 2 4 1 4 0 0 3 3 2 3 3 0 2 0 1 3 1 1 0 4 0 2 0 2 0 3 4 2 4 1 1 1 1 2 0 4 3 3 2 2 0 4 2 4 3 0 4 4 2 2 2 2 4 4 4 2 0 0 3 2 0 1 3 0 4 4 0 1 4 4 4 0 3 0 4 1 2 3 3 2 1 4 4 3 4 3 4 3 3 1 1 2 2 3 2 4 1 2 3 1 4 3 2 3 1 2 0 3 4 4 4 2 3 3 3 4 1 0 3 0 4 3 0 0 3 1 2 2 1 0 3 3 4 3 0 0 0 2 0 3 0 1 3 0 0 2 1 2 0 0 0 3 1 1 1 1 0 3 0 2 0 0 2 0 0 2 3 3 2 3 2 2 1 0 2 4 2 0 3 3 1 1 0 1 1 0 4 2 3 4 4 2 3 2 2 2 0 3 4 3 1 1 2 0 1 2 3 3 4 0 4 1 3 3 4 0 1 2 1 2 0 3 2 0 3 3 4 2 2 2 0 4 1 2 3 4 2 2 2 4 3 4 3 4 0 3 0 0 0 1 0 0 4 1 1 4 3 3 3 1 0 1 0 1 2 3 3 3 3 4 1 2 0 2 4 2 0 2 1 3 3 1 1 3 2 1 3 2 2 1 2 4 1 2 1 1 0 4 2 1 1 2 4 0 0 3 0 2 4 2 1 0 4 2 2 4 1 4 3 3 4 0 0 1 2 2 3 2 2 1 0 4 0 3 4 3 0 2 0 0 1 0 3 3 4 2 4 1 0 3 1 0 3 2 0 1 4 2 0 0 2 1 1 3 0 0 3 0 0 1 0 4 0 3 1 4 4 1 2 2 4 2 2 3 1 4 2 0 3 1 0 2 1 3 0 0 4 1 4 2 2 4 2 2 4 2 0 4 1 0 1 4 0 0 0 1 2 2 4 2 4 0 4 4 2 2 4 1 4 4 0 0 3 4 0 1 4 2 3 4 0 0 4 1 1 1 1 2 3 1 1 1 3 3 2 2 0 4 0 0 1 0 3 1 1 1 4 0 3 4 1 4 0 4 3 1 0 1 0 2 1 2 0 2 2 2 0 1 1 0 2 1 4 3 0 0 4 4 4 4 3 1 1 2 1 2 4 4 2 4 3 1 3 2 3 2 0 1 1 2 2 4 1 4 2 0 3 0 4 3 0 4 4 2 3 2 1 0 3 0 3 1 0 1 4 2 0 4 2 0 3 0 0 3 3 0 3 1 2 1 2 0 3 0 3 4 2 4 4 2 4 3 0 4 3 4 4 2 2 1 1 2 4 3 3 3 1 0 4 3 0 4 4 1 2 2 4 4 1 2 0 0 2 4 0 2 4 2 0 4 0 0 3 2 4 1 0 2 2 4 2 1 2 2 2 2 2 1 4 2 4 0 0 4 3 0 2 1 1 0 2 2 3 3 4 3 2 4 3 3 1 0 1 2 3 4 2 1 1 4 1 2 3 3 3 2 3 0 4 2 4 1 4 0 2 1 1 0 3 2 2 3 3 1 2 2 3 2 1 4 3 3 1 0 1 2 1 0 3 0 3 3 3 4 4 4 3 3 0 4 0 2 2 2 0 1 2 0 4 3 3 4 1 0 4 0 1 1 0 4 1 3 3 4 3 3 4 1 3 0 1 1 2 0 0 2 1 2 4 4 4 3 0 0 1 4 4 3 0 0 3 3 4 2 1 
2 115 931 1
2 875 959 0
3 772 967
3 28 722
3 692 891
3 275 779
3 603 765
3 209 557
3 32 260
3 554 598
3 202 801
2 27 427 0
3 436 745
3 561 978
3 233 394
3 101 594
3 569 845
3 435 537
3 2 205
3 376 468
3 10 924
2 278 581 4
3 584 867
3 119 647
2 665 728 0
3 814 943
3 207 349
3 830 944
2 607 813 4
3 872 937
3 277 397
3 341 355
3 137 600
2 194 438 0
3 229 776
2 846 962 1
2 165 446 1
2 319 485 0
3 698 704
3 61 374
3 23 941
3 430 742
2 394 989 3
3 650 761
3 287 311
3 110 487
2 185 889 0
3 218 474
2 432 980 4
3 30 331
2 188 744 3
3 242 431
3 7 796
3 180 604
3 195 424
3 446 767
3 642 936
3 446 932
2 833 949 1
3 434 544
3 132 412
3 323 645
3 88 828
3 447 579
3 317 321
3 377 659
3 296 453
3 320 352
3 181 198
3 699 969
3 672 816
2 59 717 1
3 73 558
3 356 683
3 41 646
2 157 808 3
3 551 706
3 325 847
2 569 747 0
3 167 862
3 674 860
3 115 282
2 28 692 3
3 584 942
3 344 602
3 306 308
3 185 701
3 58 594
3 673 821
3 215 277
3 617 696
2 458 681 0
2 373 938 4
3 112 322
3 267 939
2 312 843 0
3 66 836
3 213 492
2 575 582 0
3 102 196
3 618 717
3 647 883
3 34 95
2 384 783 1
3 523 905
3 462 688
3 62 582
2 677 950 1
3 263 569
3 164 879
3 261 957
2 302 339 3
3 711 789
3 129 420
3 229 460
3 413 645
3 555 910
3 239 246
2 723 879 2
3 73 484
3 404 480
3 107 540
3 2 113
3 1 842
3 643 845
2 195 482 4
3 846 979
3 333 679
3 112 732
2 463 482 0
3 910 950
3 137 747
3 250 498
3 126 688
3 206 736
3 118 750
3 172 625
3 280 519
2 253 373 2
3 457 662
3 472 851
2 29 292 2
3 538 802
3 173 185
3 160 307
3 83 411
2 183 575 3
3 30 311
2 65 696 2
3 47 129
3 697 931
3 502 610
3 427 801
3 522 652
3 72 158
2 78 92 2
2 497 971 0
3 317 987
3 347 708
3 129 770
2 531 744 3
3 663 936
3 106 472
2 99 889 0
2 14 380 4
3 269 623
3 262 966
3 272 461
3 284 875
3 111 588
3 365 511
2 539 705 1
3 720 984
2 38 440 2
3 346 766
2 357 1000 1
3 503 802
2 282 971 1
2 667 802 2
3 199 306
3 186 216
2 203 396 3
3 312 659
2 225 663 3
3 671 684
3 6 705
2 116 239 0
2 452 757 3
2 573 746 2
2 148 214 1
3 382 634
3 47 818
3 414 716
3 22 983
2 277 991 4
2 363 621 1
3 6 764
3 323 983
3 703 986
2 144 916 4
3 785 848
3 198 637
3 628 719
3 204 316
3 57 211
3 309 718
3 702 769
3 79 616
3 229 785
3 254 677
3 636 734
3 136 519
3 713 760
3 85 593
3 30 157
2 311 618 4
3 296 308
3 246 497
2 592 674 1
2 192 608 0
3 150 645
2 44 156 3
3 270 778
3 150 227
2 610 858 3
3 32 637
3 158 395
3 50 379
3 370 756
2 43 210 3
3 210 335
3 721 827
2 38 478 3
3 223 762
3 178 935
3 220 401
2 445 453 4
2 79 907 1
3 114 793
3 76 87
3 377 950
3 163 966
3 314 563
3 43 697
3 260 668
2 348 869 3
3 697 708
3 601 878
2 292 892 0
2 645 810 0
2 300 525 4
2 488 601 4
3 169 400
3 151 300
2 33 295 0
3 840 950
3 55 193
3 209 670
3 787 869
3 111 782
3 142 274
3 65 185
3 32 763
3 128 942
3 411 924
2 359 943 3
3 210 314
3 640 712
2 241 821 1
2 773 818 3
3 320 880
3 24 427
3 283 465
3 239 839
3 115 944
3 28 785
3 24 439
2 5 739 2
3 191 556
2 135 325 2
2 2 769 3
2 611 824 1
3 564 739
3 329 408
3 469 614
3 794 836
3 152 338
3 43 76
2 38 42 3
3 58 773
2 150 168 2
3 208 230
3 620 844
3 563 596
3 75 610
3 506 650
2 29 32 3
2 431 653 3
3 155 793
3 220 403
3 248 775
3 21 679
2 511 562 2
3 528 798
3 332 356
3 235 647
3 37 944
2 405 441 0
3 422 708
2 239 633 4
3 993 995
2 283 325 0
3 439 876
3 786 994
3 18 792
3 320 393
3 18 938
3 105 305
3 724 897
3 443 509
2 400 502 4
3 563 974
3 369 752
2 738 789 3
3 147 948
3 416 545
3 432 649
2 653 686 0
2 297 325 4
2 397 761 2
3 380 575
2 246 894 3
3 146 903
3 117 818
3 10 935
3 57 936
2 159 907 2
3 18 839
3 97 902
3 83 948
2 19 904 2
3 255 966
3 96 837
3 49 965
3 16 853
3 63 778
3 181 916
3 6 800
3 216 944
3 46 939
3 158 981
3 46 842
3 191 904
3 34 867
2 169 977 3
2 128 884 1
2 233 1000 4
2 28 785 0
3 25 758
3 120 929
3 126 1000
2 128 959 3
3 65 969
3 198 955
3 18 734
3 1 966
3 128 884
3 194 918
2 139 900 1
3 14 723
3 90 807
3 32 959
3 19 744
2 50 845 4
3 13 811
2 77 949 3
3 274 978
3 138 859
3 44 855
2 60 867 2
2 120 855 1
3 71 785
3 150 861
3 259 982
2 23 742 4
3 60 773
2 79 798 1
3 88 911
2 87 862 0
3 70 814
3 153 934
3 99 948
3 222 990
2 12 717 0
3 155 925
3 119 846
2 65 960 2
3 57 874
3 15 813
3 159 874
3 51 937
3 187 912
3 125 867
3 156 876
3 49 936
2 28 898 0
2 131 954 0
3 124 962
2 79 843 2
2 51 977 1
2 141 988 1
3 15 826
2 68 792 2
3 48 821
3 17 747
3 28 852
3 19 945
3 142 998
3 53 873
2 16 858 1
3 178 951
3 98 989
3 250 995
3 36 941
2 235 978 4
3 150 988
3 101 972
3 226 927
3 72 842
3 269 986
3 150 946
3 176 945
3 145 911
3 123 982
2 218 959 1
2 79 912 1
3 3 970
2 6 728 4
3 103 819
2 144 987 1
3 226 934
3 91 836
3 158 960
3 13 780
3 217 930
3 67 819
3 126 978
3 22 844
2 2 800 2
3 14 740
2 132 914 2
3 180 979
3 37 915
3 44 893
3 230 977
2 142 865 0
3 183 906
3 128 879
3 106 822
3 96 881
3 110 914
3 81 886
3 51 842
3 55 978
2 141 924 3
3 42 969
2 24 991 3
3 64 850
3 181 927
2 75 778 1
3 23 793
3 65 912
3 84 932
3 3 802
3 102 869
3 53 757
3 123 1000
3 17 928
2 87 911 0
3 37 808
2 115 967 4
3 2 943
3 132 842
3 144 877
3 3 814
2 74 926 3
3 88 909
3 43 796
3 241 955
3 146 853
3 118 974
2 106 923 0
3 232 940
3 58 952
3 40 903
3 104 869
2 167 990 2
3 66 802
2 152 971 1
3 69 921
3 51 760
3 125 855
3 30 773
3 146 969
3 12 924
3 278 997
3 176 992
3 73 943
2 22 819 2
3 22 972
3 167 996
3 76 833
3 51 797
2 119 862 2
3 95 910
2 150 880 1
3 31 732
3 123 963
3 121 945
3 195 951
3 96 971
3 263 983
3 23 867
3 21 955
2 205 931 1
2 25 806 2
3 210 986
3 6 815
3 107 829
2 43 962 0
3 23 789
3 65 929
3 89 871
3 176 985
3 88 838
3 18 798
2 29 773 3
2 111 858 0
2 20 812 2
2 24 887 2
3 112 990
3 128 955
3 120 994
3 265 968
2 48 849 4
3 39 884
3 75 919
3 126 861
3 52 916
3 154 928
3 192 971
2 176 980 1
3 76 799
2 116 921 0
3 76 987
3 153 918
3 208 982
2 131 963 3
2 93 975 1
3 167 999
3 34 869
3 128 863
2 161 905 2
3 44 989
3 156 943
3 68 885
3 96 866
3 95 960
3 86 947
3 48 996
3 145 887
3 44 780
3 87 926
2 151 912 1
3 42 965
3 1 760
3 180 976
3 124 957
3 172 899
3 64 858
2 18 748 4
3 249 958
3 22 876
2 76 845 0
2 104 866 2
2 116 940 3
3 43 766
3 54 799
2 51 852 2
2 93 873 4
3 9 842
3 82 901
3 265 996
3 40 760
2 12 949 0
3 127 909
3 39 984
3 137 929
3 188 965
3 8 951
2 37 869 3
3 47 950
2 159 865 3
3 32 934
2 253 967 2
3 2 983
2 6 742 3
3 171 970
3 85 861
2 166 942 1
3 42 751
3 172 974
2 4 833 3
3 27 963
2 55 904 1
2 148 852 1
2 260 973 4
3 69 804
3 101 981
3 144 870
3 8 891
3 22 877
3 114 821
2 93 912 1
3 93 944
3 101 913
3 183 912
3 178 947
3 216 989
3 7 870
2 51 854 2
3 148 907
2 79 784 2
3 14 904
3 24 866
2 117 948 2
3 216 960
2 217 967 2
3 90 870
2 26 798 0
2 25 901 4
2 144 949 2
3 44 904
2 54 773 2
3 148 953
3 233 960
2 43 862 3
2 39 981 0
3 37 875
2 153 985 0
3 57 969
3 35 840
3 237 950
2 228 959 4
3 149 951
3 61 766
2 2 801 2
2 153 890 2
2 100 953 0
3 43 857
2 118 939 4
3 233 951
2 130 998 3
3 129 988
2 82 908 0
3 113 886
2 54 948 4
2 40 798 2
3 61 922
3 215 941
3 70 862
2 146 908 3
2 92 989 4
3 210 991
2 4 952 0
3 90 984
2 18 771 2
3 4 726
3 92 999
2 40 971 3
3 197 936
3 183 916
3 228 961
3 22 761
3 139 983
3 125 900
3 3 854
3 158 870
3 187 895
2 15 909 4
2 14 844 2
3 147 876
3 115 974
3 14 827
3 191 983
3 98 972
3 105 905
3 204 950
3 190 973
3 229 945
3 5 739
3 18 761
3 224 956
3 72 877
3 30 956
2 256 983 0
3 49 939
3 89 910
3 89 987
2 59 884 0
3 153 861
3 109 899
2 22 853 1
2 152 926 0
3 53 973
2 101 807 0
3 80 958
3 78 878
3 96 876
3 169 941
2 208 994 1
3 113 851
3 5 939
3 221 956
3 10 907
3 77 873
2 149 904 0
3 77 930
3 136 953
2 234 960 4
3 76 927
2 256 986 4
3 264 995
3 125 843
3 1 711
3 258 996
3 98 831
2 66 866 1
3 257 988
2 53 891 2
3 29 758
3 201 992
3 112 856
3 63 897
3 129 999
3 120 912
3 170 935
2 12 775 3
3 51 837
3 48 995
3 38 869
3 91 872
3 22 935
3 197 931
3 130 860
2 132 986 4
2 82 960 0
3 5 869
3 211 945
3 112 944
3 30 978
3 107 960
2 262 967 3
3 65 967
3 249 987
3 49 942
2 142 947 2
3 21 826
3 107 956
3 9 746
3 18 995
3 9 921
2 177 970 0
3 26 798
2 228 949 3
3 147 856
3 83 907
3 159 887
3 2 795
2 57 937 2
3 243 990
3 53 866
2 7 811 1
2 164 905 2
3 13 769
3 12 784
3 142 990
3 105 965
2 182 892 3
2 131 902 1
3 5 815
3 111 966
2 42 861 2
2 200 939 0
2 125 921 0
3 49 904
3 66 820
3 51 960
3 170 929
3 62 914
3 34 791
3 116 921
3 279 984
2 56 911 0
2 82 978 1
2 71 843 1
2 37 756 0
2 262 982 1
2 64 955 3
3 107 966
3 98 997
2 15 921 1
3 77 971
3 182 931
3 174 980
3 46 764
2 15 918 1
2 196 917 1
3 165 927
3 133 946
3 33 847
3 110 845
2 19 865 1
3 96 879
2 36 826 1
3 49 975
3 23 766
3 284 986
3 147 858
3 240 959
2 222 970 2
3 105 909
2 214 962 4
2 24 1000 0
3 130 951
2 19 736 3
3 97 989
2 131 864 3
3 225 932
2 223 935 0
2 34 929 3
3 119 877
3 29 810
3 13 878
2 21 947 4
3 66 938
3 1 810
3 218 993
3 9 836
3 106 959
2 257 959 0
3 78 817
2 80 861 3
3 60 806
3 85 871
3 102 895
2 224 973 2
3 32 854
3 6 845
3 153 967
3 86 945
3 143 857
3 102 811
3 84 786
3 116 845
3 72 854
3 145 873
3 108 946
3 52 995
2 172 884 0
3 26 973
3 58 920
3 31 884
3 137 899
3 108 854
3 68 804
3 44 928
3 61 837
3 247 979
2 168 946 3
2 124 944 4
3 244 953
3 56 789
2 26 867 4
3 125 850
2 69 947 2
2 43 937 0
2 29 885 3
2 12 837 2
3 73 980
2 40 780 1
3 12 836
3 57 990
3 113 844
3 48 775
3 36 747
2 49 877 4
3 98 829
3 204 990
2 29 828 1
3 64 944
3 230 969
2 93 968 3
3 231 975
3 103 831
3 94 905
3 120 893
2 256 989 4
3 65 823
3 129 959
3 26 749
2 82 980 3
3 94 843
3 86 917
3 4 803
3 260 979
3 15 854
3 9 864
3 29 752
3 61 998
3 12 925
2 125 873 0
3 58 925
3 92 884
3 176 907
3 178 948
3 116 983
3 172 989
3 276 992
2 78 887 1
3 17 937
3 90 919
3 101 909
3 31 970
2 1 804 0
2 33 866 0
3 65 786
3 218 968
3 27 812
2 88 914 1
3 27 998
3 49 926
3 72 963
2 1 969 0
3 111 897
3 7 909
3 113 968
3 49 766
3 157 895
3 22 888
3 223 969
3 148 861
3 51 921
3 36 739
3 133 886
3 6 942
2 110 844 4
2 32 948 2
3 185 982
3 4 717
3 19 958
3 103 951
3 124 918
3 204 932
2 65 788 1
3 86 843
3 178 993
3 280 989
3 28 932
2 103 939 1
3 53 906
3 234 998
2 22 764 2
2 9 805 1
3 123 989
3 258 960
3 229 954
3 154 954
2 68 968 1
3 157 937
3 26 905
3 31 762
3 122 955
2 157 908 4
2 159 936 0
3 194 960
3 254 990
3 50 910
2 148 987 0
2 187 979 3
3 169 979
3 71 985
3 110 931
3 12 944
3 20 737
3 140 877
2 55 787 2
2 32 861 3
2 97 812 1
3 130 966
