2
20 4 30
0 0 0 1 1 3 0 1 2 0 0 0 0 0 0 0 2 0 0 2 
3 17 20
3 9 12
3 5 11
3 4 8
2 2 8 1
3 6 11
3 11 13
2 1 13 1
3 5 15
3 1 19
2 3 20 0
3 2 18
3 3 20
2 3 19 0
3 2 20
3 1 20
2 1 17 0
3 3 19
3 2 20
3 2 18
2 1 20 0
3 1 18
3 1 20
3 1 17
3 2 19
3 2 19
3 4 20
3 1 19
3 1 17
3 1 18
20 5 30
3 2 4 3 2 3 1 2 2 4 3 3 2 1 1 2 2 3 3 1 
3 17 20
3 9 12
3 5 11
3 4 8
2 2 8 0
3 6 11
3 11 13
2 1 13 2
3 5 15
3 1 19
2 3 20 3
3 2 18
3 3 20
2 3 19 0
3 2 20
3 1 20
2 1 17 2
3 3 19
3 2 20
3 2 18
2 1 20 4
3 1 18
3 1 20
3 1 17
3 2 19
3 2 19
3 4 20
3 1 19
3 1 17
3 1 18
