10
99
0 60 96 8 35 93 46 3 96 41 75 77 74 16 74 1 59 46 2 75 36 39 13 9 1 85 42 40 44 67 21 91 75 62 68 25 61 31 33 16 14 87 46 21 92 1 7 64 41 46 58 17 89 51 7 50 11 90 14 40 43 82 65 86 74 18 40 90 45 44 30 41 43 46 36 24 84 21 20 73 57 50 50 90 18 96 7 18 43 16 78 14 28 38 15 36 44 26 79 
-1 -1 -1 -1 -1 -1 -1 -1 -1 -1 -1 -1 -1 -1 -1 -1 -1 -1 -1 -1 -1 -1 -1 -1 -1 -1 -1 -1 -1 -1 -1 -1 -1 -1 -1 -1 -1 -1 -1 -1 -1 -1 -1 -1 -1 -1 0 -1 -1 -1 -1 -1 -1 -1 -1 -1 -1 -1 -1 -1 -1 -1 -1 -1 -1 -1 -1 -1 1 -1 -1 -1 -1 -1 -1 -1 -1 -1 -1 -1 0 -1 -1 -1 -1 -1 -1 -1 -1 -1 -1 -1 -1 -1 1 -1 -1 -1 -1 
96
0 59 66 42 24 50 42 23 76 27 90 36 23 46 84 4 16 79 64 89 46 85 65 85 5 63 62 79 62 95 69 64 88 92 90 79 76 60 23 76 89 1 84 45 42 65 72 74 46 81 88 44 29 1 19 54 59 88 42 54 56 54 87 65 1 94 75 64 38 60 21 77 84 7 62 65 42 90 65 92 42 59 60 65 54 56 42 54 65 42 92 42 85 56 51 89 
-1 -1 -1 -1 -1 1 -1 -1 -1 -1 -1 -1 -1 -1 -1 -1 -1 -1 -1 -1 -1 -1 -1 -1 -1 -1 -1 -1 -1 -1 -1 -1 -1 -1 -1 -1 -1 -1 -1 -1 -1 -1 -1 -1 -1 -1 -1 -1 -1 -1 -1 -1 -1 -1 -1 -1 -1 -1 -1 -1 -1 -1 -1 -1 -1 -1 -1 -1 -1 -1 -1 -1 -1 -1 -1 -1 -1 -1 -1 -1 -1 -1 -1 -1 -1 -1 -1 -1 -1 -1 -1 -1 -1 -1 -1 -1 
96
0 8 89 15 59 20 5 64 77 75 48 7 47 65 76 65 95 50 33 59 26 59 72 1 22 1 26 35 53 11 32 49 43 61 24 46 64 1 47 27 8 38 79 89 28 38 24 64 61 80 91 26 37 38 27 65 86 79 1 57 1 88 44 1 77 87 27 20 74 77 78 52 8 24 34 79 1 58 1 61 63 21 20 25 47 89 54 42 1 94 3 82 36 70 9 69 
-1 -1 -1 -1 -1 -1 -1 -1 -1 -1 -1 -1 -1 -1 -1 -1 -1 -1 -1 -1 -1 -1 -1 -1 -1 -1 -1 -1 -1 1 0 -1 -1 -1 -1 -1 -1 -1 -1 -1 -1 -1 -1 -1 -1 -1 -1 -1 -1 -1 -1 -1 -1 -1 -1 -1 -1 -1 -1 -1 -1 -1 -1 -1 -1 -1 -1 -1 -1 -1 -1 -1 -1 -1 -1 -1 -1 -1 -1 -1 -1 -1 -1 -1 -1 -1 -1 -1 -1 -1 -1 -1 0 -1 -1 -1 
91
0 52 44 1 8 52 67 1 44 4 89 13 36 4 44 30 78 4 36 36 89 89 8 30 44 4 64 89 30 1 2 30 52 4 41 1 52 47 4 44 89 51 8 1 71 52 89 28 88 52 89 1 76 4 8 36 20 30 24 52 74 8 40 44 15 16 8 8 75 18 30 52 8 30 36 52 86 36 8 4 23 4 80 32 14 44 60 36 1 9 55 
-1 -1 -1 -1 -1 -1 -1 -1 -1 -1 -1 -1 -1 -1 -1 -1 1 -1 -1 -1 -1 -1 -1 -1 -1 -1 -1 -1 -1 -1 -1 -1 -1 -1 -1 -1 -1 -1 -1 -1 -1 -1 -1 -1 -1 -1 -1 -1 -1 -1 -1 -1 -1 -1 -1 -1 -1 -1 -1 -1 -1 -1 -1 -1 -1 -1 -1 -1 -1 -1 -1 1 -1 -1 -1 -1 -1 -1 -1 -1 -1 -1 -1 -1 -1 -1 0 -1 -1 -1 -1 
93
0 28 34 77 62 21 70 72 56 36 51 55 43 46 82 54 7 35 32 60 82 66 49 22 13 70 26 87 26 84 22 82 39 21 52 7 72 7 15 71 33 12 66 66 83 40 81 44 17 9 88 32 27 86 66 66 6 67 29 66 15 21 38 57 5 1 69 3 15 1 70 66 59 22 10 47 19 92 53 20 71 1 61 66 63 32 26 66 71 30 48 89 72 
-1 -1 -1 -1 -1 -1 -1 -1 -1 -1 -1 -1 -1 -1 -1 -1 -1 -1 -1 -1 -1 -1 -1 -1 -1 -1 -1 -1 -1 -1 -1 -1 -1 -1 -1 -1 -1 -1 -1 -1 0 -1 -1 -1 -1 -1 -1 -1 -1 -1 -1 -1 -1 -1 -1 -1 -1 -1 -1 -1 -1 -1 -1 -1 -1 -1 -1 -1 -1 -1 -1 -1 0 -1 -1 1 -1 -1 -1 -1 -1 -1 -1 -1 -1 -1 -1 -1 -1 -1 -1 -1 -1 
96
0 95 35 63 60 64 4 66 30 68 32 83 63 17 66 27 73 4 51 96 47 95 66 32 37 61 3 15 51 35 85 1 46 4 1 35 32 9 96 87 96 32 78 24 95 32 95 95 51 91 1 13 19 90 41 95 66 72 13 95 66 40 1 65 73 1 51 73 81 95 36 32 1 95 45 13 51 73 32 73 51 79 35 51 80 51 35 8 14 66 51 93 66 11 1 63 
-1 -1 -1 -1 -1 -1 -1 -1 -1 -1 -1 -1 -1 -1 -1 -1 -1 -1 -1 -1 -1 -1 -1 -1 -1 -1 -1 -1 -1 -1 -1 -1 1 -1 -1 -1 -1 -1 -1 -1 -1 -1 -1 -1 -1 -1 -1 -1 -1 -1 -1 -1 -1 -1 -1 -1 -1 -1 1 -1 -1 -1 -1 -1 -1 -1 -1 -1 -1 -1 -1 -1 -1 -1 -1 -1 -1 -1 -1 -1 -1 -1 -1 0 -1 -1 -1 -1 -1 -1 -1 -1 -1 -1 -1 -1 
95
0 59 92 15 36 76 59 51 20 62 82 59 1 39 51 48 1 66 20 47 27 1 41 92 73 95 85 59 17 59 85 29 92 17 31 71 27 13 17 50 47 51 27 80 68 34 38 1 92 51 1 92 32 42 76 4 92 51 78 31 48 48 26 48 8 92 41 48 20 57 17 48 17 58 14 85 76 22 48 59 59 59 41 31 1 48 74 48 86 59 49 1 92 92 47 
-1 -1 -1 -1 -1 -1 -1 -1 -1 -1 -1 -1 -1 -1 -1 -1 -1 -1 -1 -1 -1 -1 -1 -1 -1 -1 -1 -1 -1 -1 -1 -1 -1 -1 -1 -1 -1 -1 -1 -1 -1 -1 -1 -1 -1 -1 -1 -1 -1 -1 -1 -1 -1 -1 -1 -1 -1 -1 -1 -1 -1 -1 -1 -1 -1 -1 -1 -1 -1 -1 -1 -1 -1 -1 -1 -1 1 -1 1 -1 -1 -1 -1 -1 -1 -1 -1 -1 -1 -1 -1 -1 -1 -1 -1 
92
0 1 64 56 60 35 71 25 60 48 32 2 7 85 12 15 52 64 41 24 72 1 57 82 2 82 41 60 24 12 91 39 15 15 8 37 19 68 25 22 2 68 4 53 56 40 57 22 38 64 85 73 70 84 40 82 22 30 48 82 65 68 26 82 22 26 71 82 72 41 22 22 25 40 65 91 85 92 24 26 56 1 48 27 22 57 65 91 71 72 82 12 
-1 -1 -1 -1 -1 -1 -1 -1 -1 -1 -1 -1 -1 -1 -1 -1 -1 -1 -1 -1 -1 -1 -1 -1 -1 -1 -1 -1 -1 -1 -1 -1 -1 -1 -1 -1 -1 -1 -1 -1 -1 -1 0 -1 -1 -1 -1 -1 -1 -1 -1 -1 -1 -1 -1 -1 -1 -1 -1 -1 -1 -1 -1 -1 -1 -1 -1 -1 -1 -1 -1 -1 -1 -1 -1 -1 -1 -1 -1 -1 -1 -1 -1 -1 -1 -1 -1 -1 -1 -1 -1 -1 
100
0 58 14 54 63 58 93 18 40 25 23 14 83 67 66 4 24 14 62 44 93 54 1 66 66 81 54 75 76 1 27 33 54 15 3 30 51 51 11 66 70 54 58 69 48 54 70 36 83 42 30 78 81 1 29 22 93 30 62 97 66 23 23 11 59 77 1 62 54 30 54 18 51 18 61 11 1 66 92 66 14 80 30 70 63 19 46 68 10 63 81 12 14 83 5 71 54 95 52 35 
-1 -1 -1 -1 -1 -1 -1 -1 -1 -1 -1 -1 -1 -1 -1 -1 -1 -1 -1 -1 -1 -1 -1 -1 -1 -1 -1 -1 -1 -1 -1 -1 -1 -1 -1 -1 -1 -1 -1 -1 -1 -1 -1 -1 -1 -1 -1 -1 -1 -1 -1 -1 -1 -1 -1 -1 -1 -1 -1 -1 -1 -1 -1 -1 -1 -1 -1 -1 -1 -1 -1 -1 -1 -1 -1 -1 -1 -1 -1 -1 -1 -1 -1 -1 -1 1 -1 -1 -1 0 -1 -1 -1 -1 -1 -1 -1 -1 -1 -1 
91
0 77 33 1 44 10 86 37 38 44 84 34 77 55 53 2 44 49 55 44 8 82 30 77 77 77 35 30 12 15 82 39 79 53 77 53 53 37 65 87 82 69 24 53 12 62 48 44 44 65 38 20 4 86 15 26 86 81 67 38 84 36 30 34 68 50 36 53 36 50 89 50 64 8 73 55 53 36 37 84 77 34 8 15 78 65 36 32 44 40 12 
-1 -1 -1 -1 -1 -1 -1 -1 -1 -1 -1 -1 -1 -1 -1 -1 -1 -1 -1 -1 -1 -1 -1 -1 -1 -1 -1 -1 -1 -1 -1 -1 -1 -1 -1 -1 -1 -1 -1 -1 -1 -1 -1 -1 -1 -1 -1 -1 -1 -1 -1 -1 -1 -1 -1 -1 0 -1 -1 -1 -1 -1 -1 -1 -1 -1 -1 -1 -1 -1 -1 -1 -1 1 -1 -1 -1 -1 -1 -1 -1 -1 -1 -1 -1 -1 -1 0 -1 -1 -1 
