10
30 89 112 200 80 88
35 10000000000 551404 93378353 761 81802
5690 2797706119 5216874 543383007 0 16647
713 2953494382 152 2356222934 4889001 51075304
0 10000000000 0 8041187738594 23 393226
5268413124 6019721386815 195 8216879217942 9998426812 912397412369
95468 7982468136948 1022482 9456892136841 2395792 976482359780
1532691 9457823684792 2345178246928 8257614293748 1026815 123604879521
1532691 9457823684792 2345178246928 8257614293748 1026815 123604879521
1532691 9457823684792 2345178246928 8257614293748 1026815 123604879521
