255 254
80 245 109 197 78 18 92 151 144 254 176 162 41 156 172 160 154 62 93 9 249 207 220 184 48 195 46 142 106 51 240 223 45 196 215 116 234 122 24 211 22 32 177 161 208 6 233 148 115 247 179 230 246 190 236 50 124 222 167 31 244 183 70 150 58 152 213 155 42 26 36 227 3 136 200 221 67 231 199 226 182 252 128 181 102 189 133 165 134 55 53 216 129 232 217 248 101 8 79 118 94 59 33 1 114 135 96 75 111 25 153 186 175 5 28 13 219 119 192 49 120 169 235 203 99 149 125 146 138 37 147 180 253 17 143 16 91 239 11 72 141 157 163 205 166 225 63 2 145 103 139 77 7 238 21 121 30 61 206 81 185 68 170 168 66 107 76 89 242 57 130 69 14 159 19 40 193 171 105 201 194 123 104 88 218 204 210 140 237 82 241 20 187 113 12 126 212 127 191 44 71 224 39 60 173 74 202 131 15 84 73 35 97 112 23 34 95 255 64 52 4 29 90 164 98 27 178 87 229 85 243 65 250 251 100 108 132 110 38 198 137 86 56 54 158 47 188 209 43 83 117 174 10 228 214 
2 166 83
2 42 21
2 209 104
2 254 127
2 214 107
2 163 81
2 202 101
2 167 83
2 131 65
2 245 122
2 173 86
2 194 97
2 60 30
2 170 85
2 253 126
2 130 65
2 251 125
2 137 68
2 24 12
2 243 121
2 172 86
2 19 9
2 197 98
2 220 110
2 81 40
2 37 18
2 193 96
2 82 41
2 238 119
2 114 57
2 92 46
2 52 26
2 54 27
2 124 62
2 83 41
2 134 67
2 118 59
2 154 77
2 74 37
2 17 8
2 189 94
2 70 35
2 113 56
2 156 78
2 46 23
2 169 84
2 84 42
2 127 63
2 139 69
2 179 89
2 126 63
2 180 90
2 152 76
2 225 112
2 149 74
2 108 54
2 207 103
2 109 54
2 80 40
2 112 56
2 66 33
2 107 53
2 22 11
2 219 109
2 10 5
2 91 45
2 159 79
2 241 120
2 175 87
2 232 116
2 141 70
2 249 124
2 6 3
2 201 100
2 2 1
2 3 1
2 119 59
2 198 99
2 233 116
2 15 7
2 223 111
2 31 15
2 98 49
2 13 6
2 96 48
2 38 19
2 157 78
2 35 17
2 155 77
2 133 66
2 14 7
2 23 11
2 116 58
2 104 52
2 135 67
2 195 97
2 185 92
2 244 122
2 89 44
2 239 119
2 187 93
2 210 105
2 164 82
2 217 108
2 147 73
2 145 72
2 212 106
2 25 12
2 12 6
2 129 64
2 5 2
2 102 51
2 8 4
2 183 91
2 67 33
2 216 108
2 174 87
2 53 26
2 78 39
2 226 113
2 28 14
2 20 10
2 208 104
2 72 36
2 90 45
2 76 38
2 77 38
2 230 115
2 184 92
2 71 35
2 252 126
2 64 32
2 65 32
2 234 117
2 142 71
2 153 76
2 200 100
2 121 60
2 218 109
2 59 29
2 43 21
2 168 84
2 86 43
2 30 15
2 143 71
2 123 61
2 45 22
2 228 114
2 120 60
2 106 53
2 162 81
2 62 31
2 199 99
2 111 55
2 186 93
2 40 20
2 188 94
2 144 72
2 242 121
2 75 37
2 110 55
2 203 101
2 115 57
2 41 20
2 240 120
2 171 85
2 248 124
2 176 88
2 138 69
2 235 117
2 58 29
2 11 5
2 36 18
2 105 52
2 204 102
2 182 91
2 136 68
2 190 95
2 132 66
2 61 30
2 205 102
2 50 25
2 215 107
2 32 16
2 100 50
2 150 75
2 192 96
2 26 13
2 125 62
2 49 24
2 69 34
2 229 114
2 128 64
2 250 125
2 224 112
2 246 123
2 227 113
2 255 127
2 87 43
2 191 95
2 48 24
2 151 75
2 140 70
2 33 16
2 236 118
2 237 118
2 103 51
2 181 90
2 213 106
2 221 110
2 165 82
2 57 28
2 39 19
2 79 39
2 7 3
2 161 80
2 63 31
2 196 98
2 94 47
2 27 13
2 68 34
2 88 44
2 9 4
2 97 48
2 222 111
2 146 73
2 160 80
2 55 27
2 4 2
2 93 46
2 206 103
2 29 14
2 148 74
2 56 28
2 99 49
2 211 105
2 73 36
2 21 10
2 247 123
2 51 25
2 101 50
2 34 17
2 177 88
2 178 89
2 85 42
2 158 79
2 117 58
2 122 61
2 44 22
2 47 23
2 16 8
2 95 47
2 231 115
2 18 9
