300 299
248 244 173 277 237 216 100 249 4 177 65 29 78 165 112 70 171 47 26 38 69 46 295 163 137 250 169 25 242 214 191 164 159 161 270 120 194 262 129 128 5 45 208 6 113 220 97 276 151 291 93 50 34 229 138 170 140 188 84 71 215 59 76 153 72 201 172 296 155 73 196 298 2 30 180 82 141 213 299 238 160 261 96 27 117 174 266 7 255 271 154 144 167 89 254 228 28 20 61 145 297 205 114 13 257 101 91 94 23 41 197 32 178 204 44 179 103 17 121 293 175 111 168 224 146 139 49 199 133 258 14 51 253 152 186 66 77 195 143 79 225 265 300 288 88 279 90 15 54 123 142 289 53 131 245 212 105 184 92 115 12 42 3 187 106 232 109 122 219 287 10 256 223 116 284 210 60 110 107 11 85 18 118 21 135 227 158 285 31 251 292 119 166 181 81 185 67 126 286 218 193 192 182 281 274 290 62 127 226 148 40 246 104 87 8 75 150 125 102 234 263 202 1 252 198 162 24 209 240 230 243 203 55 221 58 22 35 39 190 272 260 207 130 56 211 269 247 63 64 231 36 176 19 57 275 86 52 9 98 236 278 233 217 267 189 37 68 132 16 235 200 241 280 74 273 157 294 80 283 259 99 147 156 149 268 108 222 33 95 43 282 124 134 48 239 264 136 206 183 83 
2 208 209
2 110 111
2 147 148
2 102 103
2 290 291
2 251 252
2 54 55
2 79 80
2 237 238
2 45 46
2 115 116
2 66 67
2 182 183
2 1 2
2 90 91
2 97 98
2 246 247
2 252 253
2 163 164
2 81 82
2 71 72
2 74 75
2 68 69
2 264 265
2 116 117
2 268 269
2 296 297
2 238 239
2 216 217
2 10 11
2 175 176
2 217 218
2 262 263
2 279 280
2 243 244
2 131 132
2 73 74
2 139 140
2 84 85
2 289 290
2 78 79
2 240 241
2 98 99
2 206 207
2 255 256
2 60 61
2 15 16
2 132 133
2 52 53
2 277 278
2 204 205
2 18 19
2 31 32
2 274 275
2 4 5
2 46 47
2 138 139
2 266 267
2 190 191
2 134 135
2 14 15
2 148 149
2 254 255
2 287 288
2 187 188
2 198 199
2 5 6
2 32 33
2 42 43
2 128 129
2 183 184
2 142 143
2 181 182
2 241 242
2 166 167
2 113 114
2 137 138
2 89 90
2 109 110
2 44 45
2 122 123
2 149 150
2 3 4
2 65 66
2 195 196
2 260 261
2 280 281
2 283 284
2 282 283
2 244 245
2 288 289
2 146 147
2 53 54
2 64 65
2 197 198
2 285 286
2 6 7
2 284 285
2 37 38
2 133 134
2 176 177
2 227 228
2 199 200
2 141 142
2 294 295
2 258 259
2 205 206
2 58 59
2 228 229
2 192 193
2 185 186
2 225 226
2 191 192
2 29 30
2 126 127
2 144 145
2 224 225
2 82 83
2 11 12
2 21 22
2 169 170
2 211 212
2 299 300
2 111 112
2 36 37
2 209 210
2 120 121
2 194 195
2 13 14
2 292 293
2 276 277
2 72 73
2 272 273
2 130 131
2 70 71
2 152 153
2 140 141
2 51 52
2 178 179
2 173 174
2 270 271
2 93 94
2 179 180
2 56 57
2 86 87
2 162 163
2 129 130
2 298 299
2 220 221
2 67 68
2 39 40
2 69 70
2 106 107
2 207 208
2 286 287
2 125 126
2 196 197
2 171 172
2 167 168
2 47 48
2 123 124
2 231 232
2 121 122
2 189 190
2 170 171
2 293 294
2 20 21
2 239 240
2 88 89
2 158 159
2 269 270
2 248 249
2 119 120
2 62 63
2 210 211
2 85 86
2 257 258
2 105 106
2 59 60
2 99 100
2 136 137
2 35 36
2 201 202
2 202 203
2 222 223
2 219 220
2 76 77
2 28 29
2 180 181
2 91 92
2 153 154
2 25 26
2 215 216
2 193 194
2 278 279
2 186 187
2 143 144
2 9 10
2 221 222
2 114 115
2 295 296
2 161 162
2 101 102
2 234 235
2 165 166
2 151 152
2 223 224
2 291 292
2 203 204
2 233 234
2 245 246
2 87 88
2 155 156
2 135 136
2 63 64
2 96 97
2 156 157
2 26 27
2 34 35
2 281 282
2 23 24
2 75 76
2 250 251
2 19 20
2 103 104
2 232 233
2 50 51
2 41 42
2 253 254
2 104 105
2 12 13
2 160 161
2 22 23
2 230 231
2 61 62
2 172 173
2 265 266
2 48 49
2 92 93
2 24 25
2 127 128
2 2 3
2 7 8
2 159 160
2 164 165
2 226 227
2 124 125
2 242 243
2 43 44
2 184 185
2 157 158
2 38 39
2 214 215
2 213 214
2 154 155
2 55 56
2 30 31
2 247 248
2 77 78
2 100 101
2 57 58
2 218 219
2 273 274
2 229 230
2 27 28
2 177 178
2 118 119
2 94 95
2 212 213
2 235 236
2 261 262
2 174 175
2 17 18
2 117 118
2 83 84
2 112 113
2 40 41
2 236 237
2 108 109
2 8 9
2 267 268
2 259 260
2 16 17
2 33 34
2 49 50
2 107 108
2 249 250
2 188 189
2 95 96
2 80 81
2 200 201
2 168 169
2 271 272
2 275 276
2 297 298
2 145 146
2 150 151
2 256 257
2 263 264
