5
60 30
30 38
32 25
41 50
22 22
39 48
18 18
19 19
29 35
50 59
21 20
45 54
38 47
1 1
11 11
1 1
12 12
48 39
43 52
52 43
29 34
32 25
9 9
51 60
50 41
35 26
27 30
35 44
26 28
8 8
28 33
60 30
18 18
40 35
20 20
3 3
18 18
32 37
13 13
46 51
28 27
41 46
42 37
8 8
12 12
33 38
30 34
15 15
36 41
8 8
10 10
29 33
40 35
30 34
43 38
13 13
12 12
51 46
7 7
30 34
51 56
54 49
60 30
7 7
23 29
28 24
35 27
18 18
21 24
22 21
35 47
20 20
2 2
9 9
9 9
40 52
51 39
38 27
23 31
2 2
41 29
56 44
36 27
10 10
6 6
44 56
34 46
26 23
38 50
39 27
49 37
16 16
23 30
60 30
13 13
11 11
46 58
10 10
9 9
18 18
11 11
46 34
26 32
4 4
28 40
25 31
26 22
20 20
25 30
24 28
34 26
9 9
39 28
50 38
36 48
16 16
51 39
2 2
7 7
37 49
15 15
9 9
33 25
10 10
60 30
9 9
39 46
7 7
18 18
7 7
30 36
56 49
52 45
38 45
33 30
27 26
7 7
21 22
18 18
4 4
32 29
50 43
20 20
15 15
44 37
41 48
16 16
50 57
15 15
60 53
41 48
19 19
29 27
43 50
1 1
