502210062
91
445007868
381470872
264952209
261462024
10331
502859026
25759
418605984
366208229
394384080
436
315933093
454
2449
943765217
498847142
398386
926314837
27309923
938647402
1134
127483
365
368
897148049
96
57897374
791199
172692660
22576599
104007049
54095
368784550
243352319
23113163
956194247
370420739
9715
470495
7454757
219
688
1934424
98189026
912629665
2433951
177
638613379
381587807
815
784727
377
50
167
940393322
934070907
823463136
19330019
130534594
882660231
105
1023
277685
571019
645919151
44897533
14558
15443
675095300
144668319
801368567
166
690910240
396636808
22116130
470996144
782228810
7424
638
1865
124878247
1512
547223601
762316076
196
1182
925418063
674352539
1052414
839531300
503075
390753297
1358109
175367030
270435189
43690226
173
722
1495
720
470901
384
1017
3779
291004359
254916313
146
269
114305167
930916202
1606
512603527
143904901
315822730
27873251
213
360718354
144640909
222798026
97368543
281080
674781446
43
29877689
1312
183953039
2735
317
147721
36
5725
39651
24479
165
4
191861
510930112
8
11179
21892597
843782300
7
179225111
33724460
64223
7
473262381
689860793
232285982
147386
125
61
769
987884927
1062
27
899
683249316
253174858
48211278
987754662
795696957
607892017
896800065
177021343
71
371153150
889477849
222534154
8233763
758
943418206
322176854
636153282
384409693
72032028
840562724
58
653310236
155
691870452
761648952
21
119614
2076210
36245217
154
178311627
538
639602762
179009332
869892929
20484257
51
824077868
223353260
845253505
839269150
522568358
753243384
255
731694307
730559228
239206831
449
615915663
603019781
377353827
642447233
242266430
203088577
570978627
763983812
915380902
939990663
27974
603894667
463379530
571477877
382849
615
15
575476406
595530651
797843780
2
513201886
559136355
94
217345547
751788152
674301699
4011
8288
157630996
53148533
9445871
547
45052630
1473
266
348
13133052
462
958358636
775768815
226289577
230430093
464370437
934242468
150511465
4274
724058267
863325541
914437306
80
153954639
450532758
837904884
773630434
74792498
2287
475589674
277127487
373050432
96393282
65
1897
254204
22097
22
430499
1165
48860
927164284
198242072
310525532
791850014
358554859
14199598
254855094
208205
959
487538867
1469
29
682
25216850
987027736
90872
535446811
245
341164892
2859662
700
3991
639087
349623277
489
792367907
1692363
4838999
994925354
22654655
317482200
270
863616599
854454338
690545836
267
158880829
505438669
61
108018259
543798083
84567999
332
713627626
623610748
94614681
890628759
451906447
531492341
830526861
204064653
324773364
446285479
984237445
20572004
127815739
24052739
15866813
320720269
6141
177562597
529985300
986907131
882395182
2752900
490645565
146345857
214181654
545457704
323013093
95703631
208942987
37997606
986466830
93751563
591
314
22833933
129647
1249709
120
30491
623334715
762091572
282277266
334748491
614581814
55
141013536
21998391
19897181
416953276
910300879
10363314
238
250
50
22899353
37949
632451
191898961
328447251
832466652
51410102
98561
315896384
68401364
266742143
24968993
528989420
531958299
1159
504738339
42
171988089
11485311
406559516
173168832
390
253424863
71399
243
36927
582665622
6993
203
2234177
172772820
64223
610895
5864819
353
525600193
114
7452851
284405505
8111
617197432
392962808
606405792
367597255
114911
413
761
886257619
22911812
173879
194168449
29693937
75649447
803831476
785836522
39741815
304940342
2301
148101309
304
1843679
133
321035
40323986
277
2103
233801213
174628993
362
1054
102
83
224158413
951410941
716828897
452724814
717467115
6004469
10603199
489457241
788840701
67637699
868279398
93
12929609
9
889241907
130806647
14634754
576875152
253
364107964
206
842023906
30
9295
518
36937
787290399
7271999
2033
536
860
234839
469
200479
169296131
784443614
4445
153775164
714198984
15035
642077
130226067
948827440
189121050
202852599
9383
1466477
518690564
673757347
33810694
656
2175
1553
800
293383161
400
183
911987
448020181
405993851
15299
764
911770017
107
1222
168611754
852158
841146034
234276208
394127701
184848984
774609507
615433050
35
703599375
728747934
933353936
42806681
525837511
534841004
311626722
154584525
562857769
756902557
6481848
254
16445823
51465008
239039
580771305
698184294
26451
878085326
677790022
137750
4876460
610779485
1635269
41
217
108331
871361722
219
84700797
5399
77
676902204
95255
456168618
716761
58099
105768249
272
439
800470033
1313
278334744
1849
117
15760206
293412908
702209721
854
5155235
725
1759
117767149
99
159161490
65765
398839775
119
108
816967711
262599
1443847
89201504
7379
500381366
22544
85750703
318576111
499
531149897
969166286
870020494
618
416
440920459
862049136
11543
16354499
351222422
939556446
359662828
206
265611445
23268727
592217378
76156851
422443430
20890089
337621735
44164
288494009
298324859
564
1153
65
367
559284925
317
955636594
5019935
130607219
21985118
312
933168206
799600594
700399934
114735821
201281434
587371
19849
9393
335573368
706502576
542
534289369
2066191
798
73324059
69184
12407
61828829
95163018
984414027
299689415
142
34959
68017026
666898559
58
655455762
158591382
76
243485
223493120
300
85917582
839544805
790095835
6236
588000
202634
121
19820672
134
93
27386
766106930
668309654
642941763
36787211
35684
874794867
22773
5
1016
359226999
331866109
952409638
387
322860677
65144087
10069
313069272
932332608
357890
2274
586645290
289535117
749
95
113816659
422041152
798648249
1314
227
938208046
2051
125478
610
694238752
246467
226745
6872
63575917
1507754
6068235
956877773
96607213
603087400
207551550
468905135
669339507
560036696
64309
560592684
589601835
3167
785013918
29524909
1549127
349
886
61392996
89
28114889
199407453
80
53461578
594
512509451
166332999
584
127
64248079
365204230
192533818
219864206
795159032
157395680
732589222
1102
528455352
947960923
414
771
1658
1007
19678247
20226403
869
772
956540495
203
15
702280879
421368979
165687657
974
32254739
3
253029208
160860384
866591
975131358
14609
1042
48
49
541263
621865918
167
573016
697
742681341
227392572
275279
46367290
4152374
734873581
256441974
26695
557186080
587116744
66680691
8271
530505879
64
16871139
863507080
282852234
47619671
340
397232409
1068
1784639
5216117
251
961991329
1157
763779505
974
141958675
349609001
22442893
6020559
973027
63149
282152530
508353613
1005
38981
328807465
645053603
219823294
54
673530368
635089310
762719039
267399316
178483736
919907487
840725378
929597326
353
224242993
722251006
186987354
319574947
5306687
730255780
75699513
333552
473
1459
475557985
35108
186778541
2225
811
808172569
775518533
332604
17947025
28958615
8576039
150795551
137729623
16127
180479
14128
243371953
713521265
59
2554161
50182673
72522
1058
374
168
100
17707619
80029
848540084
224724655
38429
849271445
899632721
155
268056467
882536665
49945
39
919974760
362
884
401932577
17550768
90586866
10263621
76716224
765949375
745856913
485674338
74842277
84464295
26039
72
511986220
916234741
688184814
449024051
204211318
47522042
1115
1054
449
1308
256
551
44
1206
50225
113503442
1547
323
456517016
928
1468
190
24659
724635112
623614975
241
1139
670004
869184
856
261
286
706
162686
9
60330619
114527422
359665579
664563
108600113
12459
108324729
245760561
839
646830761
633396737
437785221
2609
870685610
993275994
431517775
923650663
543761117
840419
211
808249236
3
39
376963403
399539521
598715295
997
975651613
593629819
496794759
1682
421360809
111055
99371
834695823
4417
308741719
505
486634517
129
417
819535
356479279
1028
91
211183311
414145301
786874091
138737483
152795
203212416
703527195
62326386
64156268
873113713
489623799
244867193
3669679
985349
369324924
685518232
167053919
451514951
387072401
262303549
775902238
641350602
365
498317408
635335468
96
402650907
1778
755601329
1130
633
488
4092783
6324525
24655950
808525396
203521
9715
146969
704305381
219
587045597
87835175
614230644
333409109
810835940
177
753220716
121745
815
782557
377
50
167
44529062
706577384
44732865
219940077
4055809
96313835
2819
89962309
8252363
769651348
95338907
131107507
884773273
1660499
452813944
839439086
508235956
706741
563655715
538865647
677174616
581400506
406308543
141377375
638
1865
124581440
1512
51805860
553508359
3090059
1182
733409263
435378121
1052414
364126386
9155
285038040
694883382
328527139
577161827
1630
173
205061585
864111479
450130575
1371
180111599
20409479
3779
256680451
695298230
146
38015999
317798550
416173427
237914
820686335
190816621
686785537
119266322
11423
681851204
975085560
810141902
223857956
185669
83901
22
321457246
316560007
798904156
44
14305389
69461
36
931728847
30551
134679167
165
4
13726207
484558298
8
129365676
420006550
354243199
7
241497685
336
64223
7
17820321
79844477
97626233
673333490
125
751
769
202471283
36361418
27
463892040
17243757
695691149
697397506
395786640
26704401
895756673
123677260
884570951
71
809394230
325609628
95345314
466094172
3134
269869659
555101193
842136969
593394370
94120963
715591216
115
255790594
155
711143
981839116
21
119614
730
532712343
154
787890770
43999
410380967
32974551
860
1540
51
492577452
705160155
38110883
199281128
548576588
10724779
10505
390556931
398545786
255000182
2973519
691742919
778266250
243495985
614529185
356569068
995692182
357421818
611443252
953298779
700154138
446
473595573
863
564640896
382849
143552274
15
804788669
969466319
324284212
2
445581119
452311740
1727
616641969
100061
93084803
4011
8511
121475721
705491652
456092272
583474131
411878414
715860213
266
705389355
425313091
462
866720075
511273203
365730814
653779866
363569612
668233279
71708124
4274
509618523
2037199
315067480
80
731791525
19218903
807408234
64885952
112168583
2287
43866469
934574696
676394307
544828914
65
885206130
12069395
42826559
9
667601234
290268651
48860
257789202
943181973
985612743
637120589
740372159
252664432
729439695
164002685
127755879
744451159
994979741
29
3955106
603016444
34361047
943106995
3296369
245
680702136
67259
607837039
187574243
802024846
28368369
489
477533174
11888603
665336601
926550308
52163945
86849192
539
824889319
482945137
500051853
1401745
989603211
508606928
61
489852376
795506213
566
332
857501146
276659229
222121255
660075279
846190754
168868876
369493160
938899475
301177932
68780327
789608846
20572004
451892301
283823
170772386
669890735
2594591
283432674
744841887
217335503
455550562
158807733
155689035
416597501
916056466
273269498
932918621
39439
735646917
502882337
7475
446240324
591
314
22833933
5179
27101
120
941630
784935039
511053894
566058695
689
827961897
55
10411955
735385499
701026614
2161488
339307366
916172589
10430
147199
50
243274229
1568377
501568542
562040201
51491682
447683266
903795347
5808419
443499424
186714580
284042255
47940586
503736182
105991299
124
121169345
42
980969344
300773201
21260992
626763375
390
720773311
36314
243
792858030
90385180
506894639
116523125
308505865
190413177
64223
26795
581198727
353
725553947
228846
18077
312461296
61
357914718
647855772
4486
158903
511267892
1643
1195515
118443295
445610290
173879
180096643
795793137
248268698
755439159
388152218
891815598
34741519
195037199
983151210
167517783
514884604
133
1233
1066
4555319
2103
407566540
876958534
15543653
604371735
102
83
803154777
878500530
669382353
597888430
743144161
64452033
1343
126905189
334032958
1501
120912903
93
203741999
9
48076995
100768776
811131970
633282450
957
701962354
52901747
342678129
134
550792853
66155
977086
723574157
54972138
343
269533409
596370762
221212210
1962089
242845973
169296131
518505461
133
900833525
394649237
2306142
407
567
748366459
313519092
970228996
30636479
20852
623681605
92374
674824139
774214379
429266335
1553
139484
3505729
400
183
458249923
745715885
70466835
899623744
256
388877985
107
366622
624236483
349526065
915954469
13151736
1150
27081
145615
1392
6251
55070828
321675
784308593
60246911
855193570
251496134
190274
862572931
632002611
28831
4511935
12539
72557355
720150018
996816322
420007874
416003896
39833079
991143335
987889262
228808439
7218511
299303934
939556023
459
251853
736283012
944867516
219
378464998
142237
77
795299989
59784409
77431537
208957190
484312953
464134450
272
762913764
1378189
118145
134707733
1849
5016179
26219580
258364480
117843037
5122254
375196192
282146938
525094609
893313186
99
512720490
673227750
377222730
66419
108
937420413
484589227
174475304
838052582
8787698
724080031
816032687
371133336
381038722
414193611
862377051
158729
926691741
1637714
15456
877667
382168351
11543
100407
420172232
341258285
430785030
206
607572144
520402341
225203896
92095170
830025189
655605800
282049209
519347245
848552803
495506928
655589085
509415075
65
600418139
940613178
317
899980996
303462361
625924403
19000799
312
424320243
566363940
19968827
414
15055439
258
399
777834234
77877264
9794279
69627
798113420
509242201
523747503
847577499
76403392
6327
589466154
409164
693810802
636889763
75589
544190449
284636966
987914230
643
861479607
788473066
11608
3675869
505341802
12191
916798403
681379346
264108078
89399
779971101
72321217
3671
250369062
607069987
2073
791375057
475527313
938299441
860944166
822311214
717465672
162252082
558016607
5
748631723
482410892
314701462
468142327
373570587
747862862
886668019
478511470
944603615
989103896
868829377
138948719
778203328
709121290
103741284
2429
989530544
972716843
83236289
32174
227
18644972
90
239656305
761570413
354422309
762507611
850381888
9588
482287571
360009881
535164757
413713497
967807107
231053560
558191412
455142521
296309812
228257903
64889
464659366
656499400
529344055
634486040
107013872
66434117
349
886
468820608
89
535643663
264002885
80
49348021
594
905184734
237118929
3534664
127
26761279
11686058
371299268
773974021
55241224
388692793
52783039
42391
936293993
705899918
783206386
645096366
793867691
927274633
419810309
903269752
677857390
655152604
928520471
200069
15
185358874
574929666
777914434
19799
293760776
3
358501970
580592929
387962443
504461172
22976213
451503089
48
49
6951351
675165460
167
254712994
955166762
865427024
40126359
495890661
79760899
272417221
110377252
176188596
346459074
385784120
773911779
725043543
720605
476175656
1063
981083307
128434357
140869504
731345016
304346739
723527234
1068
1934
732
251
61629983
1157
331140758
974
543048375
571054621
63346533
744750
11407
453316807
537693165
343251
1005
395
753428827
978058834
340394038
54
17655560
704922130
326373188
42727215
724910973
134447781
287279208
448494632
353
568191471
830917618
3461249
11712549
5306687
277516635
118685908
304
622136391
364401667
218401654
792
3863249
973989989
43262541
235950830
96049717
59700455
910852836
881084862
192937620
890987424
892749182
497585262
1562111
567138829
177813829
85716244
26829
448544581
443704820
479483582
372301122
166091298
15041
272194
170545
859
23622757
19175777
380267
635376788
476
155
703
1136
3373425
39
614537065
15699
330316329
978045294
902514253
295878679
707384455
471252204
390501609
762523375
383942322
590472328
860756084
14320039
72
834444816
560959009
629498352
984636508
667642484
205237453
1158751
154426235
52058021
293816604
496922311
955043743
44
1206
616356424
480393421
206498414
1103709
1583231
374852940
102100063
4174
387243705
686023378
754423279
241
1139
38635
869184
856
261
286
706
162686
9
715529572
809504169
629577982
347124138
26696764
1592997
217247699
203583911
839
350713464
209526403
354418662
2609
477708819
769975383
448882360
566357280
346279430
514799
4211
812262492
3
39
28717592
31543798
238439228
997
303293144
492769135
890660762
1682
468707645
1947179
17782919
45061278
4417
103149953
665838371
878816650
129
2472498
369980137
400466076
