1000
2 1 9012
3 1 6081
4 2 24
5 3 3423
6 4 4068
7 6 8480
8 2 5958
9 5 5103
10 8 2409
11 10 1962
12 10 7158
13 3 9141
14 6 8247
15 8 1149
16 6 6319
17 5 2062
18 3 3006
19 11 9645
20 19 3162
21 1 9392
22 21 5169
23 20 7841
24 1 2268
25 2 3696
26 8 5528
27 7 165
28 20 6696
29 13 5417
30 8 8653
31 15 3177
32 4 9993
33 13 7650
34 18 4707
35 20 2605
36 17 6414
37 9 1792
38 27 1832
39 9 5889
40 28 5544
41 39 8106
42 33 6934
43 37 4144
44 13 85
45 4 3472
46 16 7464
47 46 671
48 47 1586
49 4 9308
50 15 9016
51 31 9817
52 9 8916
53 35 3102
54 18 9300
55 36 6893
56 3 4442
57 51 3339
58 57 5001
59 6 4959
60 24 4908
61 47 3397
62 13 9992
63 15 4326
64 4 2329
65 24 309
66 16 2341
67 12 5547
68 30 8596
69 30 6696
70 44 2660
71 11 9770
72 71 5862
73 26 8964
74 7 834
75 39 3669
76 11 2342
77 50 9942
78 53 9978
79 14 7488
80 25 4739
81 21 8668
82 80 1239
83 81 5842
84 2 2298
85 84 1185
86 48 2739
87 11 6012
88 48 2175
89 57 6382
90 65 7392
91 58 8076
92 37 8280
93 66 1230
94 51 5524
95 56 4197
96 12 1631
97 41 5262
98 42 5781
99 44 8157
100 89 9672
101 82 2946
102 10 7128
103 79 9264
104 14 9697
105 60 3648
106 41 3852
107 85 876
108 58 4681
109 17 3180
110 71 3564
111 43 8839
112 74 768
113 80 3541
114 22 8098
115 85 8264
116 17 1344
117 12 4469
118 10 993
119 82 446
120 86 9192
121 18 1290
122 54 5742
123 122 2214
124 80 4883
125 58 31
126 81 918
127 96 474
128 54 1995
129 71 1498
130 43 5400
131 53 782
132 121 7572
133 124 2599
134 28 1104
135 12 5592
136 37 2461
137 135 9696
138 85 834
139 31 6051
140 22 348
141 136 9376
142 126 1018
143 39 3198
144 127 1922
145 60 78
146 41 6587
147 58 6342
148 9 3406
149 103 8595
150 96 116
151 123 1786
152 105 5517
153 103 2043
154 48 5004
155 29 2903
156 29 2685
157 15 2492
158 55 2164
159 26 3015
160 121 5565
161 155 8206
162 31 992
163 107 1530
164 59 7328
165 126 2384
166 59 4782
167 6 1062
168 45 4176
169 152 4889
170 167 17
171 42 1022
172 89 6822
173 140 9354
174 40 7113
175 60 5016
176 163 4167
177 66 466
178 76 1143
179 63 8040
180 171 3698
181 113 81
182 38 861
183 6 4566
184 99 591
185 184 6838
186 26 5864
187 175 9098
188 61 2846
189 9 4470
190 185 9522
191 61 2853
192 61 262
193 13 9014
194 62 879
195 42 3248
196 89 1594
197 74 5960
198 188 1416
199 48 1390
200 50 2910
201 114 4685
202 110 5112
203 139 9240
204 131 1608
205 150 1176
206 196 9787
207 131 1566
208 11 578
209 170 5935
210 66 6696
211 116 5292
212 158 8898
213 26 7631
214 96 5582
215 104 8088
216 215 6855
217 157 3228
218 46 2442
219 83 6969
220 172 7790
221 87 8150
222 77 4169
223 26 2205
224 185 3284
225 197 2843
226 194 2948
227 28 3294
228 168 185
229 49 6260
230 136 8946
231 71 8979
232 30 5604
233 188 9666
234 174 8552
235 136 7380
236 234 1356
237 171 4684
238 138 3624
239 143 4426
240 20 2711
241 12 3891
242 230 6150
243 95 4665
244 82 3423
245 61 2840
246 52 3728
247 116 7397
248 211 3098
249 29 3215
250 224 2130
251 109 6704
252 239 2610
253 179 1856
254 10 8068
255 175 4042
256 236 8254
257 107 9654
258 199 7519
259 27 8928
260 211 6144
261 251 2347
262 65 4818
263 249 6321
264 251 4719
265 117 6918
266 199 8462
267 251 1569
268 239 8868
269 134 4905
270 100 8859
271 52 2685
272 153 9932
273 272 1647
274 257 6348
275 233 966
276 58 8088
277 11 2952
278 96 7545
279 119 6222
280 244 7896
281 153 3587
282 48 5732
283 4 8568
284 254 5335
285 255 6696
286 212 2724
287 28 1572
288 282 944
289 199 8714
290 190 5775
291 53 2383
292 184 1712
293 283 506
294 262 1826
295 271 2302
296 80 766
297 279 2104
298 149 3468
299 9 4104
300 170 8874
301 70 656
302 106 8478
303 119 5732
304 235 7287
305 205 6819
306 196 7092
307 103 322
308 218 9540
309 296 2271
310 196 8180
311 51 9393
312 281 7044
313 258 7520
314 216 364
315 245 9063
316 219 8388
317 296 8726
318 233 8772
319 107 3034
320 305 5511
321 288 6503
322 215 906
323 84 2820
324 248 9051
325 239 9694
326 95 6213
327 210 8292
328 64 8964
329 184 9048
330 176 2967
331 25 9064
332 237 9498
333 114 3824
334 305 4722
335 317 8493
336 240 9017
337 92 9418
338 115 9666
339 156 7057
340 243 372
341 152 9962
342 206 600
343 89 456
344 200 3416
345 149 9534
346 328 5190
347 166 2535
348 253 7838
349 173 8131
350 98 6960
351 194 2756
352 71 1956
353 319 5376
354 197 4233
355 318 5804
356 81 4862
357 245 5570
358 320 1470
359 212 7635
360 217 7800
361 192 7647
362 9 3720
363 56 8451
364 161 3429
365 211 5494
366 60 5364
367 8 2616
368 6 3040
369 245 6999
370 260 1540
371 228 87
372 132 8494
373 270 5288
374 82 2427
375 72 8160
376 332 4176
377 157 9740
378 148 9714
379 137 2134
380 98 9232
381 32 8314
382 36 5910
383 189 3062
384 382 6620
385 108 1928
386 220 8246
387 81 8157
388 374 417
389 66 1263
390 258 8746
391 95 5446
392 196 2234
393 137 4996
394 221 1174
395 318 5226
396 140 8070
397 217 5328
398 195 3705
399 239 1628
400 184 2829
401 192 4440
402 51 5238
403 175 2290
404 148 9978
405 312 4996
406 273 878
407 324 7386
408 382 7362
409 161 3213
410 115 9400
411 357 9884
412 294 3432
413 259 4206
414 300 7039
415 225 5826
416 99 6497
417 79 7296
418 288 6327
419 138 5436
420 40 5658
421 350 5167
422 363 8483
423 158 6307
424 398 5550
425 130 2520
426 376 6762
427 157 4790
428 107 3747
429 244 7758
430 19 4006
431 364 4002
432 285 4160
433 85 7088
434 366 32
435 353 6934
436 316 6545
437 160 3186
438 343 9360
439 431 5492
440 390 4081
441 80 5282
442 247 6915
443 377 9935
444 28 1725
445 424 5342
446 214 3980
447 443 5180
448 26 8032
449 79 4942
450 294 4440
451 256 5094
452 267 2336
453 400 7782
454 436 624
455 32 9060
456 141 2230
457 394 8137
458 72 7600
459 249 9170
460 415 1224
461 95 97
462 445 7503
463 180 652
464 231 3833
465 91 5488
466 73 5912
467 235 9885
468 8 9858
469 211 8618
470 5 1124
471 440 8169
472 330 3252
473 267 9398
474 408 3039
475 126 2700
476 63 9864
477 405 6056
478 144 7863
479 278 9351
480 278 2346
481 182 5889
482 397 2763
483 156 1263
484 220 5655
485 234 5550
486 94 3540
487 226 3162
488 169 9447
489 306 1068
490 94 3274
491 144 3258
492 291 9176
493 224 684
494 197 8618
495 314 7146
496 217 6618
497 12 6391
498 403 2682
499 283 5802
500 299 6310
501 261 6146
502 126 5202
503 394 4818
504 485 1707
505 162 2820
506 34 8808
507 425 9024
508 408 7791
509 98 6928
510 262 6722
511 340 6738
512 377 7034
513 202 5374
514 379 4088
515 200 1224
516 461 5270
517 342 999
518 32 5013
519 226 482
520 247 2670
521 202 2577
522 262 6975
523 204 7668
524 335 4892
525 353 4675
526 368 4417
527 512 7227
528 464 7089
529 238 6438
530 35 6285
531 217 7070
532 477 3042
533 102 5464
534 52 8613
535 309 3966
536 38 3060
537 517 786
538 130 8328
539 218 357
540 47 6300
541 517 627
542 323 5806
543 111 1550
544 24 3670
545 532 2589
546 472 4913
547 378 1980
548 258 8517
549 1 2028
550 207 2942
551 534 6045
552 40 8856
553 490 7701
554 543 4899
555 395 412
556 319 2084
557 91 7654
558 274 5078
559 47 4566
560 380 2736
561 410 1638
562 225 1851
563 153 1520
564 512 7003
565 373 3654
566 83 4208
567 122 5650
568 511 5330
569 228 4713
570 467 6659
571 63 8244
572 233 8161
573 164 3574
574 556 8232
575 150 318
576 294 5574
577 540 5652
578 17 2282
579 353 9940
580 478 4545
581 319 708
582 343 2781
583 168 4554
584 145 1992
585 529 3326
586 525 6484
587 177 9132
588 58 7722
589 58 1262
590 501 8793
591 138 6651
592 274 819
593 231 808
594 363 3042
595 154 5136
596 253 9660
597 119 4158
598 589 1938
599 42 219
600 245 2787
601 406 1076
602 169 4947
603 469 7172
604 180 9403
605 449 5850
606 548 7664
607 576 9002
608 60 2627
609 521 4140
610 21 4140
611 470 9802
612 284 5366
613 311 9550
614 594 9816
615 521 7553
616 611 6854
617 120 396
618 373 2307
619 460 6594
620 69 6978
621 61 1974
622 345 1787
623 589 636
624 569 7752
625 223 4600
626 39 8601
627 462 5199
628 446 6981
629 336 1775
630 136 2733
631 80 7213
632 127 1092
633 221 9034
634 458 3448
635 371 4496
636 291 7616
637 470 4590
638 47 2259
639 178 9764
640 133 1084
641 261 814
642 324 940
643 414 9598
644 5 360
645 183 2228
646 567 90
647 593 1206
648 555 4482
649 32 9702
650 249 290
651 371 3336
652 640 2208
653 350 6306
654 167 7572
655 306 5316
656 61 7782
657 584 3944
658 532 5750
659 119 9129
660 505 4131
661 472 5259
662 560 1161
663 82 4164
664 274 5745
665 47 7680
666 108 1982
667 502 6450
668 386 2825
669 55 2998
670 248 9104
671 354 3146
672 464 297
673 502 8154
674 299 1923
675 353 8762
676 230 5544
677 109 4134
678 323 6746
679 226 724
680 362 66
681 543 8257
682 596 4959
683 625 9472
684 651 5150
685 403 4389
686 619 7118
687 115 2124
688 444 6651
689 43 2877
690 34 343
691 241 7051
692 130 7421
693 391 7816
694 280 7680
695 196 5802
696 27 7200
697 452 346
698 658 8160
699 318 138
700 575 8280
701 150 7719
702 296 4112
703 561 5476
704 73 6916
705 133 8270
706 673 9603
707 673 9482
708 59 4284
709 470 1040
710 351 6023
711 488 874
712 334 8014
713 677 7882
714 545 6840
715 471 9281
716 269 67
717 133 1233
718 263 2971
719 137 330
720 187 4773
721 704 3654
722 191 3144
723 453 9358
724 560 7562
725 508 7753
726 250 7492
727 212 900
728 235 1090
729 646 2508
730 646 9423
731 721 6652
732 619 8540
733 238 5688
734 316 9051
735 668 6178
736 148 7766
737 634 1632
738 670 462
739 546 639
740 273 9030
741 574 5996
742 93 8402
743 154 1734
744 228 5752
745 540 354
746 406 831
747 667 4792
748 220 7959
749 332 7790
750 55 2312
751 562 8517
752 251 4739
753 255 3838
754 423 4816
755 280 5184
756 477 2520
757 117 3396
758 608 3960
759 216 6398
760 311 3360
761 84 1382
762 295 9576
763 355 5442
764 687 762
765 350 7737
766 735 490
767 745 2670
768 285 1272
769 669 3548
770 319 7077
771 446 3057
772 291 9618
773 81 5004
774 345 7848
775 330 8726
776 258 2586
777 594 8022
778 48 8676
779 775 8994
780 54 7930
781 640 6819
782 94 7636
783 178 6691
784 550 1044
785 128 2670
786 301 5079
787 669 1062
788 312 405
789 680 6672
790 591 4279
791 36 8892
792 692 2036
793 653 2772
794 728 5552
795 696 7146
796 722 78
797 3 7042
798 506 7677
799 313 1496
800 93 4394
801 757 7668
802 299 8379
803 45 688
804 91 6096
805 643 8214
806 688 4014
807 346 5962
808 580 5726
809 593 9544
810 730 1782
811 66 9114
812 170 8609
813 688 2634
814 110 1362
815 406 5034
816 649 2818
817 122 1616
818 563 5190
819 756 5940
820 604 5986
821 66 3202
822 673 5153
823 393 291
824 127 2652
825 554 5619
826 109 618
827 10 7057
828 686 760
829 561 7928
830 17 8146
831 560 2176
832 432 3944
833 140 8238
834 352 5046
835 87 4621
836 559 3342
837 747 6180
838 402 1704
839 312 1196
840 215 1899
841 415 5745
842 74 6324
843 485 6327
844 383 1397
845 814 4976
846 581 7125
847 183 4714
848 338 6465
849 295 711
850 436 4767
851 221 5690
852 301 2949
853 159 5000
854 96 6717
855 460 6423
856 714 9878
857 75 7437
858 347 5723
859 426 3564
860 750 3363
861 36 9162
862 346 7816
863 546 118
864 776 1728
865 168 5232
866 188 2271
867 718 2805
868 559 843
869 810 6322
870 793 6382
871 675 9258
872 496 3057
873 236 1173
874 584 3154
875 637 3336
876 447 432
877 124 6282
878 594 2859
879 861 400
880 678 4503
881 45 3657
882 42 6070
883 65 6074
884 8 544
885 150 6854
886 741 2182
887 662 9087
888 95 3639
889 384 2160
890 648 8259
891 585 3552
892 500 2145
893 303 9434
894 369 2494
895 766 7120
896 170 7830
897 658 5054
898 252 7245
899 790 7093
900 673 7058
901 832 8709
902 782 2492
903 602 192
904 900 7954
905 122 5194
906 371 6848
907 596 3264
908 80 5702
909 763 4374
910 621 4142
911 786 6452
912 873 9618
913 452 8168
914 784 2745
915 831 9472
916 635 8054
917 277 2530
918 567 5376
919 35 4480
920 87 9798
921 416 1893
922 388 6843
923 840 1383
924 415 5124
925 288 9766
926 409 6105
927 234 7577
928 504 2366
929 434 588
930 622 8486
931 734 6138
932 167 7124
933 605 9
934 102 3413
935 802 3234
936 109 4057
937 344 8454
938 97 8388
939 599 660
940 81 639
941 15 5622
942 566 9560
943 493 9828
944 726 1323
945 454 447
946 330 1907
947 145 5847
948 599 4446
949 750 5428
950 329 6672
951 713 7908
952 648 2019
953 653 712
954 210 1100
955 355 9174
956 889 3123
957 881 1872
958 326 5749
959 786 744
960 28 2384
961 687 8242
962 537 9969
963 327 29
964 913 3477
965 9 5046
966 671 9951
967 903 8935
968 638 7808
969 933 9486
970 263 7540
971 317 5724
972 344 9759
973 83 1594
974 681 4704
975 267 2562
976 206 3034
977 506 860
978 629 5304
979 706 6434
980 62 5783
981 82 9064
982 245 8700
983 427 5520
984 371 9480
985 117 9147
986 68 2716
987 153 1458
988 791 8181
989 615 5154
990 928 1167
991 146 6858
992 507 277
993 275 6980
994 820 7311
995 346 1920
996 411 3742
997 591 3716
998 897 9706
999 957 828
1000 84 8922
50
674 8478
345 7500
581 7216
389 2397
40 364
237 9394
453 232
671 7384
333 681
600 2013
551 2960
38 9258
321 912
861 1512
480 6459
88 8439
242 9816
894 1338
325 3124
767 1746
593 3564
659 7521
8 6674
72 3175
50 3685
621 2678
719 5288
442 765
114 1110
37 154
612 9846
911 4036
574 5388
241 9069
751 2775
380 3765
616 4458
764 7786
193 480
458 9933
738 9576
533 8286
268 6722
253 8751
276 7472
238 3852
164 141
475 9699
853 9057
361 1812
