18064244
17000000
15000000
10000000

1000
2
4
5
7
9
10
12
13
16
19
20
22
23
25
27
28
32
34
35
37
41
43
47
48
49
50
52
53
57
59
61
64
65
66
70
71
72
76
78
79
81
83
85
86
90
91
92
94
97
100
102
103
104
106
108
112
114
116
121
123
124
125
127
129
132
134
135
136
139
140
142
144
146
148
151
152
153
156
157
158
159
161
164
166
170
172
173
175
179
180
182
184
185
190
192
193
194
196
198
199
200
201
202
206
211
212
214
219
220
221
223
224
228
230
232
234
236
238
239
240
241
242
245
247
251
257
259
262
266
270
272
274
275
276
277
279
283
285
288
290
291
295
297
299
300
302
303
305
306
307
311
313
337
339
343
344
345
347
349
350
355
356
358
359
360
367
369
370
371
372
374
379
381
382
384
386
387
392
394
395
397
400
402
403
404
409
410
411
413
416
418
419
421
422
424
426
427
429
431
433
437
438
439
443
444
447
448
450
451
455
456
457
459
461
463
464
465
471
473
474
475
477
478
479
482
484
485
487
488
489
491
493
497
498
501
503
506
507
508
511
513
515
516
524
526
528
529
533
535
536
537
539
541
542
545
550
551
569
570
574
576
577
578
580
582
583
584
587
589
590
591
592
594
597
601
602
604
605
607
610
611
612
613
614
618
620
623
625
629
632
633
634
635
639
641
643
646
647
649
650
652
654
655
656
657
658
659
664
669
670
671
673
675
676
677
679
680
682
684
687
689
691
695
696
697
699
701
703
707
709
711
713
715
716
718
720
721
723
724
727
728
731
732
736
738
739
740
742
744
745
748
750
751
754
757
760
763
767
770
771
775
776
778
779
780
781
782
783
786
789
790
794
797
799
801
802
803
805
807
808
809
813
816
818
821
822
825
826
829
831
832
833
837
841
843
844
845
848
849
852
853
855
858
859
862
864
865
868
869
870
873
874
876
877
878
883
885
886
887
892
893
894
896
899
901
904
905
907
909
910
913
917
918
920
921
922
926
927
930
933
937
938
939
940
942
944
946
947
949
951
953
956
957
959
960
961
962
968
970
971
974
975
976
978
982
983
984
986
988
991
993
994
996
997
999
1001
1003
1004
1006
1010
1011
1012
1013
1016
1018
1019
1020
1021
1025
1028
1030
1032
1035
1036
1037
1040
1042
1045
1046
1047
1049
1051
1053
1054
1055
1056
1058
1061
1063
1067
1068
1070
1072
1074
1077
1078
1079
1080
1081
1083
1085
1086
1087
1093
1095
1096
1097
1099
1100
1103
1105
1107
1109
1110
1114
1115
1117
1122
1123
1124
1128
1130
1131
1132
1133
1135
1136
1138
1139
1140
1142
1145
1146
1147
1148
1152
1156
1157
1158
1159
1163
1166
1167
1168
1169
1171
1177
1180
1182
1183
1186
1188
1190
1194
1195
1196
1199
1200
1202
1203
1205
1206
1207
1208
1214
1217
1220
1221
1222
1223
1224
1226
1228
1230
1236
1237
1240
1242
1243
1245
1246
1248
1251
1253
1255
1257
1259
1261
1262
1263
1264
1266
1268
1271
1273
1275
1276
1280
1283
1284
1286
1288
1290
1291
1293
1294
1298
1299
1300
1303
1304
1305
1307
1310
1313
1320
1325
1326
1331
1332
1333
1334
1335
1336
1340
1341
1342
1345
1347
1348
1353
1355
1356
1357
1359
1368
1372
1373
1375
1382
1383
1384
1385
1387
1388
1390
1391
1393
1398
1401
1404
1405
1406
1408
1409
1410
1412
1416
1418
1420
1422
1423
1426
1427
1438
1447
1448
1451
1452
1454
1458
1459
1460
1463
1465
1468
1469
1471
1474
1476
1477
1478
1480
1482
1485
1486
1488
1490
1493
1494
1495
1498
1501
1503
1504
1506
1507
1509
1513
1515
1516
1517
1521
1522
1523
1524
1525
1528
1530
1534
1537
1539
1543
1544
1547
1549
1552
1553
1555
1556
1557
1561
1564
1566
1569
1570
1574
1577
1579
1581
1586
1587
1590
1591
1592
1593
1595
1597
1599
1600
1605
1607
1609
1610
1611
1612
1614
1616
1619
1620
1621
1622
1623
1625
1628
1630
1631
1635
1637
1639
1640
1641
1644
1646
1648
1650
1652
1653
1655
1656
1661
1662
1663
1666
1667
1668
1669
1671
1675
1677
1679
1681
1682
1686
1689
1690
1693
1695
1698
1699
1700
1702
1704
1705
1708
1709
1714
1716
1718
1720
1723
1724
1726
1728
1732
1735
1736
1739
1740
1741
1742
1744
1745
1747
1750
1751
1752
1754
1757
1760
1762
1765
1766
1768
1769
1770
1774
1775
1778
1780
1786
1791
1793
1795
1798
1799
1800
1801
1803
1804
1808
1809
1812
1814
1815
1818
1819
1821
1823
1824
1826
1829
1830
1831
1832
1833
1835
1836
1842
1845
1846
1849
1850
1851
1854
1856
1857
1861
1863
1864
1865
1866
1867
1871
1872
1873
1875
1878
1879
1881
1882
1883
1884
1889
1891
1892
1893
1895
1896
1897
1900
1902
1905
1907
1910
1912
1914
1915
1916
1920
1922
1925
1926
1928
1930
1945
1955
1956
1957
1959
1962
1964
1965
1967
1972
1973
1975
1977
1978
1979
1980
1983
1985
1988
1990
1993
1994
1997
1998
2000
2003
2004
2006
2009
2010
2012
2013
2014
2017
2019
2020
2023
2024
2027
2029
2031
2032
2034
2036
2038
2039
2041
2045
2046
2047
2050
2052
2053
2056
2057
2060
2061
2063
2064
2066
2067
2071
2072
2076
2078
2083
2084
2086
2088
2089
2091
2093
2094
2098
2099
