9999
5000
3000
1000

100
9
64
154
471
514
531
566
660
773
991
998
1083
1151
1197
1202
1310
1334
1378
1403
1406
1705
1730
1941
2029
2053
2111
2202
2230
2542
2578
2676
2753
3178
3370
3469
3656
3779
3954
3999
4041
4052
4290
4480
4485
4709
4969
5083
5103
5107
5469
5527
5570
5806
5814
5877
5880
6189
6251
6275
6529
6649
6688
7010
7171
7511
7613
7661
8038
8108
8199
8435
8458
8478
8506
8661
8902
8963
9104
9147
9204
9220
9236
9366
9536
9652
9674
9918
10000
10005
10008
10013
10041
10044
10054
10061
10071
10075
10078
10080
10096
