1039823
900000
700000
500000

1127
1
2
5
7
9
12
13
15
17
19
21
23
25
27
29
31
32
34
36
38
40
42
44
46
48
50
53
55
57
59
60
62
64
66
68
69
72
74
76
78
80
83
85
89
91
94
96
98
100
103
105
107
109
112
115
117
118
119
121
123
125
127
129
131
132
133
135
137
139
141
143
145
147
149
152
157
159
161
163
165
167
169
171
173
175
176
179
181
183
187
189
191
193
197
199
201
203
204
206
208
211
213
215
220
224
226
228
229
231
234
236
237
240
242
244
246
248
250
251
252
253
255
257
259
260
262
264
267
269
271
274
276
277
278
280
283
285
286
288
291
294
296
299
301
306
308
310
312
316
319
321
324
326
329
331
334
336
338
339
341
342
344
346
349
351
353
355
357
359
363
364
366
368
370
373
374
375
378
381
382
384
386
388
389
391
394
396
398
400
403
405
407
409
412
415
416
418
421
423
424
427
429
431
432
435
437
439
441
442
444
445
447
449
451
453
455
457
458
461
463
464
466
468
469
471
472
476
477
479
481
483
485
488
490
492
494
496
498
500
502
505
507
509
514
515
517
520
522
524
525
527
528
531
534
536
538
540
542
544
546
548
552
554
556
558
561
563
565
568
570
572
573
575
577
581
583
585
587
589
591
593
596
598
600
603
605
607
610
612
614
616
619
621
623
624
627
628
631
633
635
637
639
641
643
645
647
649
650
652
654
656
658
660
661
663
665
667
669
671
673
675
677
680
682
684
685
687
689
691
693
695
697
699
701
703
705
707
710
712
714
715
717
720
722
724
727
729
731
733
736
738
740
742
745
747
750
752
754
756
758
762
764
767
769
771
773
775
777
779
781
782
784
787
789
790
791
793
796
798
800
802
804
807
809
811
813
814
816
818
820
822
824
826
828
830
833
835
837
839
841
843
844
846
847
849
851
853
855
858
859
860
862
864
866
869
871
873
876
878
879
881
883
884
886
889
891
893
895
898
900
903
906
908
910
912
914
916
918
920
922
925
929
931
932
934
936
938
940
942
944
946
948
950
952
953
955
956
958
959
960
961
964
966
969
971
973
975
977
980
982
984
987
989
991
993
995
996
999
1001
1003
1005
1007
1009
1011
1013
1015
1018
1020
1022
1024
1026
1028
1030
1032
1034
1036
1037
1039
1041
1043
1046
1048
1050
1052
1055
1056
1058
1060
1062
1064
1066
1067
1069
1071
1072
1074
1076
1077
1079
1081
1083
1085
1086
1088
1090
1092
1094
1095
1097
1098
1100
1104
1106
1108
1110
1112
1114
1118
1120
1122
1124
1126
1128
1130
1132
1134
1135
1137
1138
1139
1141
1143
1145
1147
1149
1151
1153
1155
1157
1159
1162
1163
1165
1167
1169
1171
1172
1174
1176
1178
1180
1181
1182
1184
1188
1191
1193
1195
1196
1198
1200
1202
1203
1204
1205
1207
1209
1210
1212
1214
1217
1219
1220
1222
1225
1226
1228
1230
1232
1234
1236
1241
1243
1247
1249
1251
1252
1254
1256
1259
1260
1262
1266
1268
1269
1271
1274
1276
1277
1279
1280
1282
1284
1285
1287
1289
1290
1291
1292
1294
1296
1298
1300
1301
1302
1304
1305
1307
1309
1310
1312
1314
1315
1317
1319
1320
1322
1324
1327
1330
1332
1334
1335
1337
1339
1341
1343
1345
1347
1348
1349
1352
1354
1356
1358
1359
1363
1364
1366
1367
1370
1372
1374
1377
1379
1380
1382
1384
1386
1388
1389
1391
1393
1395
1397
1398
1400
1401
1404
1406
1408
1411
1414
1416
1419
1420
1422
1424
1426
1429
1432
1434
1436
1438
1440
1442
1445
1447
1449
1452
1454
1457
1460
1461
1462
1465
1467
1469
1471
1473
1474
1476
1478
1480
1482
1484
1486
1488
1490
1491
1493
1495
1497
1498
1499
1501
1504
1506
1508
1510
1512
1515
1518
1519
1521
1522
1524
1526
1528
1530
1532
1534
1536
1538
1539
1540
1542
1544
1546
1548
1549
1551
1553
1555
1556
1558
1560
1563
1565
1567
1568
1569
1571
1573
1575
1577
1579
1581
1583
1584
1586
1588
1590
1591
1593
1595
1597
1598
1600
1602
1604
1606
1608
1610
1612
1615
1616
1619
1620
1622
1624
1626
1628
1630
1632
1634
1636
1638
1641
1643
1645
1647
1649
1652
1654
1656
1658
1660
1662
1664
1666
1668
1669
1671
1673
1676
1678
1680
1682
1684
1686
1688
1690
1692
1694
1696
1698
1699
1701
1703
1706
1708
1709
1711
1713
1715
1716
1718
1720
1722
1724
1725
1727
1729
1731
1733
1734
1736
1738
1739
1741
1743
1745
1747
1749
1751
1752
1755
1756
1758
1760
1762
1764
1766
1768
1770
1773
1775
1776
1778
1782
1784
1785
1787
1789
1791
1793
1795
1796
1798
1800
1802
1805
1807
1809
1811
1813
1815
1817
1819
1821
1822
1824
1826
1828
1830
1832
1835
1838
1840
1843
1845
1846
1850
1852
1854
1856
1857
1859
1861
1863
1865
1867
1870
1872
1875
1877
1878
1880
1882
1884
1886
1887
1889
1891
1892
1894
1895
1897
1899
1901
1903
1905
1907
1909
1911
1913
1914
1916
1918
1919
1921
1924
1926
1928
1930
1932
1934
1936
1938
1940
1942
1945
1948
1953
1954
1956
1959
1960
1962
1964
1966
1968
1970
1971
1973
1975
1978
1988
1990
2009
2029
2037
2046
2048
2059
2064
2065
2070
2079
2088
2091
2095
2096
2109
2127
2130
2131
2153
2155
2164
2173
2179
2182
2188
2195
2196
2197
2202
2208
2212
2216
2218
2230
2231
2232
2239
2245
2251
2253
2257
2258
2262
2266
2270
2273
2278
2283
2284
2285
2294
2295
2298
2303
2308
2313
2319
2322
2328
2341
2342
2344
2352
2354
2355
2357
2360
2368
2372
2381
2390
2393
2395
2399
2403
2412
2414
2422
2425
2438
2445
2450
2453
2455
2456
2458
2468
2485
2492
2493
2497
2508
2511
2513
2516
2533
2534
2543
2550
2556
2562
2563
2584
2591
2607
2609
2612
2642
2660
2689
2695
2699
2706
2715
2724
2729
2742
2747
2763
2767
2771
2772
2776
2787
2795
2813
2825
2828
2839
2847
2859
2864
2868
2881
2884
2903
2908
2912
2933
2936
2939
2940
2942
2946
2948
2959
2965
