8726402
8700000
8600000
8000000

132
2
5
28
29
34
42
46
50
53
68
81
85
102
125
145
155
167
168
173
181
184
193
204
210
211
229
232
233
241
244
255
258
274
277
278
288
303
310
327
332
343
346
350
376
378
393
403
412
419
421
435
441
447
454
455
475
478
485
486
494
510
520
523
530
532
534
541
553
554
568
569
582
584
586
589
600
612
613
618
619
628
630
646
651
652
662
663
669
673
683
684
686
694
709
717
738
742
761
762
766
784
788
806
810
815
839
851
856
860
861
871
883
901
930
936
942
975
985
988
992
993
1000
1007
1008
1010
1015
1016
1024
1025
1035
1057
1069
