20
1011111010111101110100111110111000110001
0101011001101011001110111011010000101001
0111000001100011000010010100001001101000
1101110100110111011010011011011101110100
0100011100111010001000101000000000001011
0111100101100011111110110100111000110101
1111000110010100000000000101100001100111
1101010010010001000100101001111101000010
1111010010100000011100010110100000001001
1111111101011101010100000000001110101010
1111010000001001001000010110100101000010
1110111101101100010000101101111000010000
1000100000000101000100000000000101001001
1011111101001000100111110111111010000110
0000000110101011111000100100000000001000
1100110001011111010010111100000110101100
0011001011111000100100010010110001101000
1111101100010101101011010011001011111001
0001110011100100111010011100100000101100
0110110001001011111111110011100111100110
10
0101010100
