25
1100010000010000100000000000000101000010
0010011000100000000000000001100110000010
0001000000100000000000001000000100000010
0000100000110000000000001000000100000000
0000000110010000100000001001100010000000
0000000001100000000001001000100101000000
0000000000001000000000000001000010000010
0000000000000100100000001000100011000010
0000000000000010100001000001100100000010
0000000000000001000000000000000001000000
0000000000000000010001000001000011000000
0000000000000000001000001001000001000000
0000000000000000000100001000000110000010
0000000000000000000011000001100110000000
0000000000000000000000101001000100000010
0000000000000000000000010001000001000000
0000000000000000000000000100100101000000
0000000000000000000000000011000100000000
0000000000000000000000000000010011000000
0000000000000000000000000000001111000000
0000000000000000000000000000000000100000
0000000000000000000000000000000000010010
0000000000000000000000000000000000001000
0000000000000000000000000000000000000100
0000000000000000000000000000000000000001
10
1100110001
