25
1000000000000110000000100000001011100000
0100000100000100000000001001000011100000
0010000000001110000010001000001011100000
0001000000000100001000100001000000100000
0000100100000010010010100000100010000000
0000010000001000011010100001100011000000
0000001000000000010000001000000010000000
0000000010001010010000000000001011100000
0000000001000110000000000000001011100000
0000000000100110011010000001100011100000
0000000000010000000000100000100001100000
0000000000000001010000101001001001100000
0000000000000000100010101000000010000000
0000000000000000000110100001000010100000
0000000000000000000001100001000001100000
0000000000000000000000011000001001000000
0000000000000000000000000101100010100000
0000000000000000000000000011100010100000
0000000000000000000000000000011001000000
0000000000000000000000000000000111100000
0000000000000000000000000000000000010000
0000000000000000000000000000000000001000
0000000000000000000000000000000000000100
0000000000000000000000000000000000000010
0000000000000000000000000000000000000001
10
1100010000
