25
1000010010100000001000000000000000001000
0101000011000001000000100001000001000010
0000110010000000000000100000100001000011
0000001010100001001000000000000000001000
0000000101100001000000100000100001000010
0000000000010000001000100001100001001001
0000000000001000001000000000100000001001
0000000000000101001000000000000000001001
0000000000000010000000000000000001000000
0000000000000000101000100000000001001000
0000000000000000010000000001000001000011
0000000000000000000100000001100001001001
0000000000000000000010000000000000001000
0000000000000000000001100001100001001010
0000000000000000000000010001100000001001
0000000000000000000000001001000000000000
0000000000000000000000000100100001000001
0000000000000000000000000011000000000000
0000000000000000000000000000010000001001
0000000000000000000000000000001000001001
0000000000000000000000000000000100000010
0000000000000000000000000000000011000000
0000000000000000000000000000000000100000
0000000000000000000000000000000000010011
0000000000000000000000000000000000000111
10
1001001001
