20
0010101111011011101101001111101100111000
1101110011101100011110010001000010101111
0011011000010001000100100000111100101001
1001100101001100110001001100111011001001
1011001111010001101010111110111100000111
0110111010110001111010110111000001010100
1111110001011000111001001111011000111010
1011001110111010110101110101101001101010
0100110000110100001101100101101011001001
1101001010111101000100111110010110011100
1111010001001100111111001010110010111001
1000100011100100100011101000000100110001
1100100000101000001101001001000110101111
0011000001110011010010111110001001001011
1001000010010001111101000011000101011010
0010010111010010001000111100110110011000
1110110010000011111101001011001011000001
0110101010100001010110101111110000010000
0100100010110011100001001101101111011011
0001010101100001100000101111100000101111
10
0010001100
