25
1000000000000000101001000000000100000000
0101001000000110001000000000000000000110
0011001010000010001000000001000100110000
0000111000000100100000000000000000010000
0000000100000010001001000000000100100100
0000000001000110101001000001000100100100
0000000000100010000001000001000000000010
0000000000010000001001000001000100010010
0000000000001100000001000001000000010010
0000000000000001000000000001000000010100
0000000000000000010001000000000100000000
0000000000000000000101000000000000000000
0000000000000000000011000000000000110000
0000000000000000000000100001000000110110
0000000000000000000000010000000000100100
0000000000000000000000001001000100010110
0000000000000000000000000100000100000000
0000000000000000000000000010000000110110
0000000000000000000000000000100000100100
0000000000000000000000000000010100000100
0000000000000000000000000000001100000010
0000000000000000000000000000000010000010
0000000000000000000000000000000001000100
0000000000000000000000000000000000001000
0000000000000000000000000000000000000001
10
0010100001
