25
1000001000000000000000010010011010001000
0100000000100000000100010010010010000000
0010000001100000001000000000011010001000
0000100000100000010100010010000010101000
0000011001000001001100000000010000100000
0000000101100001010100010010010010001000
0000000011100000010100010010010000000000
0000000000010000000100000010000000001000
0000000000001001000000010000010000101000
0000000000000100000000010000001000000000
0000000000000010010100000000010010100000
0000000000000000111100000000000010100000
0000000000000000000010010000000000100000
0000000000000000000001010010001010001000
0000000000000000000000110010001000100000
0000000000000000000000001000001000001000
0000000000000000000000000100011000001000
0000000000000000000000000001011010001000
0000000000000000000000000000101010000000
0000000000000000000000000000000110101000
0000000000000000000000000000000001001000
0000000000000000000000000000000000011000
0000000000000000000000000000000000000100
0000000000000000000000000000000000000010
0000000000000000000000000000000000000001
10
1111101001
