20
0111100010001010011100011110101110011110
1000000011100111111011111000110011001000
1001101010001011011110101100110011001110
1101100111001110010101010001111001101111
1010101001100100101010110011010110100000
0010111110101011110101011111000001010101
0011000110011000000000001011000001101101
1001111111111110101101100010111111000111
1000111100000010000011101111001111001111
1011000000010101010111001010101100001011
1111110100010101111110000001111010101111
1001100011111110011110100001110011001011
0001011001111010011110101110001001100101
0101101111001010100100101110011011101101
0011001001101111001010001111010011100000
0111000001011001010000111011110111011101
0000101111111010100000111100001111100011
1010100000000111001100010110101010000001
1011111110011011101010001001100000111000
1110101110100001001101101110110000000111
10
1010011110
