20
0111000010011110000000010010011000100101
1101011010000110101110111011001111011010
0000100001000111010011101010000001011001
0010111101111110100100111100100101100010
0111001101011101001111111011110101000110
0111010000111000100010111111000011111011
0001100000010101011011000111100110101101
1011110111100111000011101000100001110001
1100011011000000000000001010011101100010
0100110011001001001010000100010011000101
0011100101010010100111100010111101011101
0000000001110100110001100111000101111011
1001101011000101100101000011000110001110
0100111010111011010010100111000010001000
0011010000010100010010000010010010111111
1101000010000010100111011100101011000001
0100110011000011101000111111101111100111
0110111010110000101000111011100010001010
0011011110111000000100100001011010110001
1110110110101001001000111011110011001000
10
1100101010
