40
0001000011110101110001011000010010100100
1111011011010101111101000100100011101000
1011100010011011110010010011011010110011
0111101101111001010001000010000001111001
1011010011010110101111110001111010111010
1101010101010100001110100110100000100100
0010010010110011111011010000100001000101
1101000111001001001001000010111010010001
0011110111110100010101011001010010101101
0100100110000011001111101111010100111000
0100100001110010101011101010001111101101
0101001100101000111110001011110011111001
0011011110100110101111100011001000100001
1111001000100000000001001101100010000101
0110110110111111000101001001100111101010
0000111111000001001001111110100100110001
0010110111110101011110010000000011101110
0100000001111110110000010111001011110110
0010000100101011100001001111011110111111
1010001001001000001010100001110111101101
0001001000110001100011100100001001010110
0000101000011011101101110100111101111111
1100111011100110011100001010101001010100
0100011100000111101010011001101001000110
1011100001011000010111111001110111001101
0010010000000111110110001010110001000011
1111000000111110101101100100111000111111
0001111000101001100101100111000000111101
1111010100000000101101011100000001101111
0010010111000011011001001100111110111101
0110101110010011011110000101000011011101
1001100111001011111111111100001110100111
1100110001110001100111001101111001010010
1010001101011010010101100110000101101110
0111010000111011111111100000100011110111
1000011000101000100000001010111111100101
1111011111101000010101000001100011110001
1010011011111011010110111101111110110011
0001000011111101000111000010001011111001
1100001000001001001100110111110000010011
10
0111011010
