40
1111011010101001001100000111011010111001
0111111100000001110100110010011100011101
0010011100010000010101001011010010011000
0110110111010000111111101101101110101000
1001101010100011110111011011011101011011
0010000110010101110110011001010111110101
0100001100010001000110000110111100100010
0110110010101101011110010101011011100100
1100011100011111010000111001101000101011
1010101110010111110010010101010111101000
0000111000010010011001101000001101110110
1111001010001100101110011011101000101000
0001100011101010001110110011010010101100
0101111100010101110100111110010100001011
0001100110011000110100010111101101000011
1110110010010000111000000000111010000011
0100110101100110010111100100111101100111
0010000000110010110011110011100111010010
1011001111100000011101011001111010110001
1101101111010001100011001111111001111000
1000101010001011100001000101100110100001
0000011111111101001101011111011011010101
1110011010011010000001010110011110111100
1001011011010110000010000100000000101011
0100011011111110010110111000011000111011
1001111011101000001010110000001101000101
0100100101110000010011010011010000010100
0010001111101111010001011100010010110001
1010100110101011111101111011010011010001
1010001100000101011001001111110010110000
1011010001001100011111001100100011110010
1110010011001000100011100011001010000101
0011010100011110101000011011100001110100
0011101100101100111111100010011000111101
1100000011110010001010010011111011111110
1011000101101011001100111000000100010001
1110100111011000000000110001000011011000
1110110100001111110010011001101011100100
0011100101111101100011100011111110001111
0001110110100010001011101000101100001110
10
1011100101
