40
1101000010100101110001100000100010110010
0000100100101001001101110100110111011001
0111111110010100000111110101101110000111
0110010100011101001100010110000011000010
1100100111111111000110101001010110000011
1010001001111100100100110110100011011111
1110011111011101011101110101111000001110
0001100000101110011100110011110010100000
0001111101111000011001011100100101110011
1001001110100111011000101001110010110000
1101010110110011110001011010010110011100
1111010100111101111011101010101010111100
1111110011000001011110111000110001111100
0000001011111000001111001110110100000111
0000100111101100000110110100011110100101
1100000000000110010001101000001111110100
1001101111100100100111001101001100010101
0111011001110011110010110000101001100000
1011011101101111101001000110111010011110
0000111011100100110011100101011011011010
1001011101111001100110001010011111010101
1000001001111101011000000010001100100001
1001100101000000000000100000011010100100
0010010011111011101111101001100001000110
0011010111100001101011010100010010111110
0001000101010010111101111000110010100111
1101010101100010100011011110101001101111
0001111011010100010111110111011111000100
0111011001010110000111010010100111010110
0100111111010000010111100111111101010110
0110010000001100001110110110000011010001
0010110111101001110110100100101100110101
0100101011100000100000000110100110110111
0110110101101111100000100110001010111101
0101111011001101011010110001101011100001
1010011000100010010111100110111101100101
1110100110101001111111010110011010000001
1110100111000010101000011011011100000010
1100100001000011010101010010000011001001
0100111001111101011010001000101111111011
10
1000101111
