1000 10 5000 0 0
1000
15268 18 95 0 0
11816 -1 -57 0 0
5349 -81 9 0 0
7008 64 -66 0 0
28510 -53 60 0 0
9617 60 15 0 0
20188 -17 16 0 0
4580 -21 14 0 0
18102 32 68 0 0
12209 19 76 0 0
16172 -54 -94 0 0
10773 -56 -77 0 0
14012 22 6 0 0
25271 -92 -87 0 0
6177 -44 -55 0 0
23115 78 76 0 0
18679 93 -63 0 0
31660 4 -82 0 0
7740 -38 -90 0 0
9389 -13 -55 0 0
15146 -32 -71 0 0
5100 51 -49 0 0
21528 -57 53 0 0
1355 41 15 0 0
12901 98 -2 0 0
20194 -84 61 0 0
30619 -46 48 0 0
20092 59 -28 0 0
19791 99 51 0 0
31751 84 91 0 0
15457 96 -32 0 0
3962 18 64 0 0
8626 -44 52 0 0
26908 -90 12 0 0
28517 86 -40 0 0
24891 -84 54 0 0
28998 79 -29 0 0
24742 5 -68 0 0
28657 -29 -45 0 0
13713 -66 81 0 0
8642 -94 -100 0 0
4266 19 92 0 0
10695 92 41 0 0
1156 56 90 0 0
17440 14 -10 0 0
21930 -7 50 0 0
31888 23 -59 0 0
29679 -23 -7 0 0
14128 75 68 0 0
9695 63 -64 0 0
15492 -36 -62 0 0
21849 4 -94 0 0
12639 -49 21 0 0
6327 -99 19 0 0
14426 97 -66 0 0
5653 -69 59 0 0
15816 40 0 0 0
18065 26 -8 0 0
28786 -83 55 0 0
32156 -6 11 0 0
30843 -67 -29 0 0
31927 93 -45 0 0
27456 -80 44 0 0
22057 -50 69 0 0
5645 12 -3 0 0
411 -79 72 0 0
21243 2 94 0 0
23446 -89 62 0 0
608 31 41 0 0
25942 62 14 0 0
18566 -95 -64 0 0
3190 -5 35 0 0
8882 33 13 0 0
6749 -3 -88 0 0
6046 78 92 0 0
14707 -67 -17 0 0
1771 40 43 0 0
21125 -5 -66 0 0
14405 10 -72 0 0
28392 -11 -61 0 0
5667 -20 -16 0 0
23608 -15 -52 0 0
18797 6 -40 0 0
5314 -72 23 0 0
626 -81 -21 0 0
31737 -22 -6 0 0
28904 65 -27 0 0
24723 -21 -71 0 0
4092 -19 39 0 0
32277 70 -68 0 0
19599 -26 -99 0 0
30199 -13 68 0 0
31547 -98 -13 0 0
31914 22 10 0 0
24753 -43 -44 0 0
20779 56 -13 0 0
2702 -46 32 0 0
5597 -63 -29 0 0
12222 0 -53 0 0
22506 -78 14 0 0
5889 -35 85 0 0
3671 94 54 0 0
26420 -23 31 0 0
11402 68 76 0 0
6239 75 -57 0 0
7169 -15 -71 0 0
19912 3 -67 0 0
8023 80 82 0 0
117 38 -67 0 0
21759 -6 -26 0 0
24280 70 -29 0 0
23087 74 11 0 0
29096 -58 26 0 0
32497 -92 99 0 0
16144 -16 58 0 0
8799 -32 -24 0 0
7353 49 3 0 0
14952 -77 41 0 0
30299 72 34 0 0
19644 73 -77 0 0
20951 -94 -53 0 0
18086 1 56 0 0
6924 92 -43 0 0
16388 -2 -73 0 0
4325 -1 -93 0 0
22938 -86 57 0 0
23117 78 72 0 0
8565 22 90 0 0
9484 54 47 0 0
18459 93 84 0 0
2503 -93 15 0 0
1966 29 -90 0 0
6020 -96 55 0 0
31331 -19 27 0 0
11921 -19 24 0 0
20422 87 -36 0 0
1439 -62 -53 0 0
26829 -48 -65 0 0
9566 -23 26 0 0
28843 -24 -61 0 0
9750 95 98 0 0
7378 23 98 0 0
22498 91 78 0 0
26812 -17 -8 0 0
2455 74 -68 0 0
29249 71 68 0 0
11140 41 -58 0 0
8616 12 -18 0 0
25229 -61 29 0 0
5310 -73 -22 0 0
5450 6 -11 0 0
26249 63 -9 0 0
24626 40 -28 0 0
30077 2 5 0 0
32512 -40 86 0 0
18491 26 -20 0 0
26834 -26 4 0 0
13630 -10 47 0 0
27050 84 72 0 0
3074 -31 -94 0 0
16225 -72 -14 0 0
16011 -2 92 0 0
31020 -47 -79 0 0
91 -8 54 0 0
24640 -40 -96 0 0
3120 92 -74 0 0
21816 66 11 0 0
21538 13 -53 0 0
8522 -68 -32 0 0
22523 2 -15 0 0
2935 -40 -100 0 0
19429 15 50 0 0
24869 91 52 0 0
11701 66 -23 0 0
24314 56 33 0 0
29062 -66 57 0 0
20935 -40 -51 0 0
7776 19 32 0 0
12514 -63 -51 0 0
6679 60 -1 0 0
10822 -17 -38 0 0
4017 -2 5 0 0
28237 90 21 0 0
24049 -77 79 0 0
19428 -18 -13 0 0
25552 34 50 0 0
12164 -23 -57 0 0
24342 89 -77 0 0
9818 -27 -11 0 0
30030 -68 45 0 0
29794 -25 -52 0 0
31176 41 60 0 0
26467 65 -24 0 0
9062 -70 -62 0 0
10759 58 -13 0 0
15209 83 -73 0 0
16780 -99 54 0 0
27256 -86 -9 0 0
26046 91 95 0 0
15253 6 66 0 0
22074 11 70 0 0
17602 -91 -33 0 0
299 -70 11 0 0
13181 -69 -17 0 0
3835 98 2 0 0
20320 -39 3 0 0
952 14 68 0 0
28550 69 40 0 0
29201 25 53 0 0
28550 31 -33 0 0
1344 18 14 0 0
30498 -80 60 0 0
15932 59 -87 0 0
29691 -63 -31 0 0
30205 -92 -5 0 0
1773 -41 90 0 0
22983 3 78 0 0
28376 -81 32 0 0
30639 -72 49 0 0
14602 -23 -4 0 0
24789 27 -26 0 0
17282 3 99 0 0
13325 -82 67 0 0
30655 77 94 0 0
24300 23 65 0 0
9445 -61 63 0 0
23664 -9 -77 0 0
5711 -51 -89 0 0
32705 87 3 0 0
32754 55 77 0 0
16061 -26 -67 0 0
11287 81 47 0 0
17221 -98 70 0 0
3674 19 -61 0 0
7058 44 6 0 0
3564 -27 -86 0 0
241 44 -99 0 0
3467 70 82 0 0
10676 -20 -42 0 0
435 -75 -36 0 0
17997 35 69 0 0
21995 -13 48 0 0
29368 -63 -69 0 0
2113 15 -26 0 0
23750 41 58 0 0
20051 95 -33 0 0
29937 -50 -49 0 0
22900 1 80 0 0
689 -15 -8 0 0
30670 -13 87 0 0
13977 -19 52 0 0
28306 -5 79 0 0
9114 -73 80 0 0
3474 -44 72 0 0
13890 -23 47 0 0
14048 -49 -23 0 0
7122 76 -43 0 0
30014 73 42 0 0
25725 32 -94 0 0
21126 -81 -97 0 0
21303 -97 15 0 0
31574 43 -80 0 0
4812 35 85 0 0
28578 88 -53 0 0
15173 36 -65 0 0
6139 -21 18 0 0
965 -24 -33 0 0
9642 -99 59 0 0
31836 82 99 0 0
14318 0 99 0 0
2183 -29 88 0 0
27398 -98 77 0 0
24147 64 -92 0 0
17863 -57 84 0 0
22370 -95 -46 0 0
237 -22 51 0 0
14398 24 -19 0 0
28529 40 -89 0 0
1985 -35 41 0 0
29055 -55 65 0 0
29563 47 86 0 0
25576 -26 86 0 0
24410 47 -40 0 0
31779 -9 -44 0 0
28162 -13 58 0 0
1334 62 -92 0 0
23705 17 -90 0 0
3107 21 -98 0 0
18414 30 -27 0 0
19115 -46 -84 0 0
10824 -20 40 0 0
5509 34 -64 0 0
26694 -45 -47 0 0
20316 -9 -23 0 0
26755 91 -41 0 0
29739 65 -57 0 0
17680 23 -79 0 0
18653 6 -41 0 0
30427 -50 -4 0 0
10542 -13 74 0 0
14999 -46 -82 0 0
25153 -49 -39 0 0
11209 99 26 0 0
4726 96 83 0 0
32251 22 66 0 0
14162 20 -54 0 0
9556 -24 37 0 0
30877 -47 -51 0 0
30458 -73 67 0 0
27661 -4 64 0 0
7941 -60 -39 0 0
3846 -87 52 0 0
3325 53 -86 0 0
7264 78 61 0 0
30987 94 77 0 0
16952 -75 -76 0 0
13158 78 -36 0 0
8230 -55 -96 0 0
23722 -66 97 0 0
28799 48 19 0 0
16663 39 -80 0 0
24419 72 -75 0 0
10729 -84 -12 0 0
26821 -93 -48 0 0
24389 44 89 0 0
12987 66 -16 0 0
6779 -74 43 0 0
19373 -83 -63 0 0
7039 78 5 0 0
3128 -14 -88 0 0
17901 38 30 0 0
10992 -89 -41 0 0
26873 61 -50 0 0
25661 -92 18 0 0
29456 43 -20 0 0
764 26 78 0 0
7453 -65 32 0 0
9924 -23 75 0 0
25256 22 90 0 0
27338 -36 -6 0 0
13139 -72 4 0 0
7391 76 34 0 0
32598 -79 55 0 0
5632 56 -92 0 0
25615 34 43 0 0
3693 -27 -83 0 0
7875 99 34 0 0
1351 68 -51 0 0
23324 96 -41 0 0
6171 -83 4 0 0
16398 55 55 0 0
237 -48 2 0 0
6439 -74 94 0 0
29085 -78 -28 0 0
29558 -65 -88 0 0
14781 69 1 0 0
19598 90 63 0 0
8237 -11 -75 0 0
22347 -45 64 0 0
11294 76 -45 0 0
11625 89 81 0 0
20805 -55 93 0 0
22033 -73 -35 0 0
8554 0 83 0 0
10457 28 89 0 0
22936 -58 38 0 0
4598 -53 6 0 0
27536 46 14 0 0
26512 -6 -59 0 0
5205 -25 6 0 0
10614 -68 -47 0 0
14060 10 -76 0 0
31649 -38 -18 0 0
7839 7 -50 0 0
16715 92 74 0 0
3685 -83 -18 0 0
16777 -96 -38 0 0
11079 34 86 0 0
32666 94 25 0 0
28104 38 40 0 0
16508 -72 73 0 0
27339 -93 -1 0 0
25692 77 -22 0 0
32356 13 49 0 0
5620 -78 -25 0 0
17299 33 -39 0 0
11017 -50 98 0 0
23014 -73 -62 0 0
14455 -26 84 0 0
22122 -1 -2 0 0
8587 -5 -65 0 0
28534 -3 -21 0 0
7592 -48 0 0 0
2874 43 55 0 0
8289 -15 25 0 0
26386 -73 92 0 0
3984 -99 33 0 0
8715 -58 6 0 0
4114 -76 -33 0 0
7977 66 67 0 0
15661 -98 17 0 0
1086 12 44 0 0
10196 74 -36 0 0
8314 5 -87 0 0
21051 21 -37 0 0
20997 -58 52 0 0
20861 -66 83 0 0
9263 -63 -77 0 0
8770 -90 78 0 0
26661 6 -33 0 0
24233 54 -96 0 0
2100 -7 46 0 0
13024 16 5 0 0
23023 2 -70 0 0
31532 -8 -96 0 0
19933 -25 82 0 0
12631 69 -36 0 0
7036 -28 29 0 0
2234 88 -5 0 0
32440 64 58 0 0
8025 -34 -1 0 0
22568 56 -10 0 0
20436 -43 8 0 0
5038 -62 83 0 0
17170 -61 -73 0 0
12624 -25 -90 0 0
12789 -67 -7 0 0
14944 44 -60 0 0
9846 -46 -82 0 0
24911 -14 -78 0 0
18684 14 -56 0 0
5312 -73 5 0 0
12748 37 -27 0 0
32437 26 93 0 0
8156 -33 49 0 0
20205 -61 -53 0 0
11643 -15 -54 0 0
23497 48 -69 0 0
28803 -41 26 0 0
10067 -84 -69 0 0
14099 45 87 0 0
15937 -96 57 0 0
4871 -28 88 0 0
17667 -26 -43 0 0
30110 64 24 0 0
27456 2 -12 0 0
2582 -41 51 0 0
30799 -59 -21 0 0
6440 78 -83 0 0
17296 75 -88 0 0
22687 -42 -85 0 0
16810 -23 67 0 0
29068 60 56 0 0
27680 72 -69 0 0
3261 -78 83 0 0
15038 -55 34 0 0
10368 26 -80 0 0
16064 -59 73 0 0
11235 -93 -50 0 0
15821 -57 -47 0 0
27363 81 46 0 0
32538 -28 65 0 0
27725 -40 90 0 0
26444 28 52 0 0
3397 -18 -97 0 0
4083 -15 -16 0 0
26533 12 -30 0 0
19900 -19 49 0 0
30647 62 -4 0 0
9379 -19 60 0 0
13045 14 23 0 0
3020 86 -34 0 0
25812 -29 69 0 0
10962 -56 20 0 0
1996 -40 -80 0 0
30892 -68 -97 0 0
16399 -74 36 0 0
26740 -68 14 0 0
27315 34 -56 0 0
10931 -24 46 0 0
12095 69 -96 0 0
2567 15 10 0 0
31442 88 -71 0 0
8244 -94 44 0 0
4967 -57 40 0 0
7434 48 70 0 0
22238 1 -32 0 0
10909 -69 15 0 0
3274 -3 50 0 0
12992 -91 25 0 0
17221 -14 40 0 0
30672 32 -3 0 0
20015 -28 91 0 0
10022 -84 68 0 0
32156 3 -94 0 0
21958 3 25 0 0
19312 -7 -38 0 0
18481 32 85 0 0
26952 24 -91 0 0
3168 11 19 0 0
3912 -52 -49 0 0
22860 85 94 0 0
363 43 73 0 0
27024 -98 -20 0 0
17501 -7 -39 0 0
12048 -17 -81 0 0
15377 73 42 0 0
23464 29 -45 0 0
15755 -13 16 0 0
24389 -97 -72 0 0
19099 42 26 0 0
13825 -24 74 0 0
2419 -94 87 0 0
16665 -66 -79 0 0
25450 -51 39 0 0
31696 -61 5 0 0
23876 86 -58 0 0
14751 -33 -66 0 0
207 -29 -82 0 0
19779 64 44 0 0
25288 13 13 0 0
4234 56 -91 0 0
16690 -93 31 0 0
21219 94 -17 0 0
13745 2 -35 0 0
18729 -48 74 0 0
21634 14 -29 0 0
17189 -94 -6 0 0
7204 -98 -85 0 0
15269 -26 29 0 0
8924 4 51 0 0
24145 53 -39 0 0
18054 -69 53 0 0
27258 -79 -94 0 0
6270 56 -78 0 0
31895 -83 46 0 0
8838 -9 82 0 0
20531 43 -86 0 0
17133 -49 -84 0 0
2671 71 56 0 0
3434 -17 -92 0 0
8554 11 33 0 0
11108 39 -88 0 0
3888 61 15 0 0
29086 53 81 0 0
16126 -21 80 0 0
6784 -35 -29 0 0
6643 -61 78 0 0
7033 27 18 0 0
21653 37 35 0 0
12585 -56 -33 0 0
12458 80 -80 0 0
20817 72 58 0 0
24404 53 70 0 0
707 -19 -45 0 0
7547 27 22 0 0
31426 -62 -54 0 0
6365 -94 -84 0 0
7317 66 76 0 0
13922 59 56 0 0
25402 -19 -12 0 0
649 -2 48 0 0
9849 0 35 0 0
31494 10 -13 0 0
25545 -76 -90 0 0
3302 -96 80 0 0
2245 -38 88 0 0
9434 -20 -38 0 0
38 -82 73 0 0
6003 54 -34 0 0
17272 51 -25 0 0
1399 43 96 0 0
17156 -86 97 0 0
17562 -95 18 0 0
25256 -88 65 0 0
20281 14 77 0 0
26006 -10 -49 0 0
24046 -69 -51 0 0
15403 10 -18 0 0
9240 -52 95 0 0
3679 85 -36 0 0
17573 83 71 0 0
25219 -41 25 0 0
1736 -61 -29 0 0
13119 79 16 0 0
10840 -52 51 0 0
30991 73 4 0 0
2578 37 -60 0 0
27322 -58 52 0 0
3577 -78 33 0 0
21871 31 52 0 0
23156 -60 -100 0 0
14475 -58 -44 0 0
14612 -51 5 0 0
6712 -61 -65 0 0
32247 -36 -47 0 0
8552 -75 -31 0 0
14665 -62 -81 0 0
14040 36 -92 0 0
26193 64 18 0 0
4630 -100 60 0 0
4616 -56 35 0 0
30923 45 75 0 0
12603 10 98 0 0
26032 -99 -2 0 0
8847 -80 50 0 0
6654 -18 -73 0 0
13075 -51 92 0 0
5940 -3 15 0 0
31777 -56 24 0 0
30851 -63 24 0 0
10165 84 64 0 0
27214 44 13 0 0
9352 16 16 0 0
25462 25 -51 0 0
9621 64 -19 0 0
5992 19 -24 0 0
204 21 61 0 0
10542 62 97 0 0
12064 -91 32 0 0
18161 61 2 0 0
25652 -42 -78 0 0
21160 76 -84 0 0
32340 -75 -100 0 0
26604 42 -85 0 0
32637 -51 -3 0 0
14383 69 13 0 0
26270 73 51 0 0
11708 32 14 0 0
11353 -24 8 0 0
23376 84 -74 0 0
26867 -28 -76 0 0
16686 -94 -75 0 0
20779 80 -88 0 0
12797 20 0 0 0
22065 -23 30 0 0
28872 -82 68 0 0
22784 80 -55 0 0
20223 -32 80 0 0
7095 -64 52 0 0
27728 98 -53 0 0
31695 -63 -29 0 0
5024 -83 -23 0 0
5698 -84 65 0 0
22430 40 -35 0 0
21236 68 62 0 0
22169 13 -61 0 0
1802 -96 -74 0 0
16549 42 -56 0 0
30186 -7 76 0 0
11321 45 -13 0 0
1820 74 2 0 0
17599 -65 53 0 0
6984 0 -9 0 0
15318 -62 -76 0 0
5370 88 -6 0 0
28984 -97 18 0 0
31230 -10 -48 0 0
20088 -17 -2 0 0
6256 10 17 0 0
11037 -77 61 0 0
26320 -39 -22 0 0
708 -54 30 0 0
30905 39 -46 0 0
10822 -55 68 0 0
27154 -34 54 0 0
21030 -23 62 0 0
8402 99 -36 0 0
21410 71 -71 0 0
18853 -7 73 0 0
21313 87 -44 0 0
3612 -88 -99 0 0
32449 -74 75 0 0
17201 70 -21 0 0
26011 68 80 0 0
17720 84 -46 0 0
29350 -63 -78 0 0
29347 24 18 0 0
12932 -68 -94 0 0
18718 -93 -97 0 0
9678 46 -54 0 0
8425 -48 -33 0 0
12103 30 -86 0 0
28799 -58 -38 0 0
3451 60 -36 0 0
30444 15 63 0 0
3219 -16 44 0 0
13661 -77 -27 0 0
2118 94 96 0 0
20686 62 29 0 0
16171 -39 10 0 0
23272 54 27 0 0
12259 -25 71 0 0
11621 53 -19 0 0
3532 -73 -77 0 0
1434 -80 99 0 0
7734 64 39 0 0
30198 74 85 0 0
20574 35 4 0 0
8597 6 84 0 0
29078 -18 -57 0 0
6710 -12 48 0 0
19550 59 -3 0 0
13115 37 -57 0 0
7265 -49 -59 0 0
15485 -96 -53 0 0
23179 -42 71 0 0
28175 76 28 0 0
19392 -49 62 0 0
27212 -13 -93 0 0
16847 -51 76 0 0
11722 -87 -98 0 0
29114 -67 -3 0 0
7425 -48 6 0 0
29552 -24 86 0 0
11713 63 96 0 0
15998 60 63 0 0
32472 92 10 0 0
5238 14 91 0 0
6774 -8 52 0 0
5357 -40 -26 0 0
12325 31 -44 0 0
95 58 1 0 0
22907 -33 -38 0 0
18022 21 99 0 0
2255 -67 -53 0 0
12545 99 -50 0 0
9103 72 -89 0 0
8662 -82 16 0 0
4624 -51 60 0 0
14270 -5 -5 0 0
19698 -92 78 0 0
8702 37 -58 0 0
13419 80 -34 0 0
13294 -69 90 0 0
22540 -97 43 0 0
18182 -50 -20 0 0
21997 70 96 0 0
29320 4 12 0 0
11838 59 21 0 0
26434 -38 -8 0 0
25767 -51 34 0 0
8979 -95 15 0 0
6918 -78 36 0 0
835 -55 -38 0 0
2410 59 35 0 0
19916 28 -65 0 0
25945 38 -4 0 0
26913 -89 -18 0 0
32452 -27 26 0 0
30488 62 59 0 0
9020 -51 73 0 0
13062 -53 58 0 0
18491 -40 -10 0 0
7212 19 -54 0 0
9124 -45 -20 0 0
27902 12 9 0 0
17864 -64 58 0 0
29945 61 -97 0 0
2703 -56 -35 0 0
28157 -27 22 0 0
24470 -98 -37 0 0
10077 41 -69 0 0
31587 -77 74 0 0
12337 42 -76 0 0
17916 6 -92 0 0
22408 -49 -38 0 0
28038 61 -17 0 0
13449 12 -59 0 0
439 -32 21 0 0
16811 -26 -72 0 0
1853 -22 -90 0 0
15749 2 -72 0 0
20587 55 23 0 0
18663 31 4 0 0
6857 -35 9 0 0
27967 33 -40 0 0
2396 -32 19 0 0
10100 73 -12 0 0
8639 75 30 0 0
4793 -83 26 0 0
1640 53 76 0 0
11280 -42 -86 0 0
21160 43 99 0 0
12905 80 46 0 0
19784 -14 91 0 0
12458 99 87 0 0
11481 99 11 0 0
5634 -37 66 0 0
29959 -18 -94 0 0
13903 -82 -18 0 0
5779 13 63 0 0
28548 -68 -30 0 0
962 -51 19 0 0
21076 36 -28 0 0
26974 52 -56 0 0
23430 -73 27 0 0
16545 -83 -62 0 0
22724 0 94 0 0
2209 -8 -60 0 0
20162 96 98 0 0
13845 39 -24 0 0
28683 -85 -93 0 0
24198 -47 48 0 0
15073 63 55 0 0
24658 0 9 0 0
31203 32 67 0 0
23308 67 -50 0 0
30343 -11 63 0 0
17423 48 97 0 0
32127 -48 70 0 0
20845 62 -98 0 0
13473 -97 -70 0 0
27004 -87 19 0 0
32502 30 41 0 0
20401 -15 -14 0 0
5870 88 18 0 0
30596 -85 -86 0 0
28658 -29 22 0 0
19602 95 -75 0 0
10187 44 4 0 0
27460 -89 -60 0 0
9624 69 3 0 0
18323 18 -76 0 0
18243 -93 59 0 0
10187 43 44 0 0
32697 28 6 0 0
14171 -98 64 0 0
22358 83 90 0 0
23058 -43 -1 0 0
11578 94 70 0 0
25174 -95 -85 0 0
13192 -31 41 0 0
27965 -14 -15 0 0
14784 -44 -4 0 0
32142 -80 57 0 0
16301 26 -44 0 0
2835 -64 -55 0 0
20640 -92 -93 0 0
11718 -52 9 0 0
6643 77 32 0 0
25787 33 -29 0 0
24837 88 -3 0 0
18136 -1 -3 0 0
15408 -13 71 0 0
16313 -13 53 0 0
3939 -57 64 0 0
25936 49 -90 0 0
6252 42 76 0 0
807 -10 -20 0 0
8219 59 16 0 0
15944 -17 4 0 0
31921 14 98 0 0
16695 52 -16 0 0
18286 -85 -10 0 0
16774 -75 -36 0 0
18962 82 41 0 0
30952 71 21 0 0
2726 -86 -88 0 0
27091 99 19 0 0
19193 86 26 0 0
3079 86 84 0 0
7811 40 58 0 0
22429 -67 -70 0 0
13493 73 -83 0 0
9577 -79 -31 0 0
28387 -88 -27 0 0
4560 55 -61 0 0
8258 97 56 0 0
2918 31 -2 0 0
15285 -78 6 0 0
2288 -80 -4 0 0
1627 -32 -22 0 0
6808 -66 -95 0 0
30495 18 17 0 0
14458 93 65 0 0
2749 42 -41 0 0
25813 -70 98 0 0
20717 25 23 0 0
637 1 -57 0 0
8893 21 6 0 0
12393 -80 -56 0 0
6973 -70 -43 0 0
8563 -21 30 0 0
25356 25 17 0 0
21400 -84 -83 0 0
29800 88 46 0 0
19556 64 55 0 0
200 16 -11 0 0
10323 -7 -97 0 0
25139 6 35 0 0
26942 -95 -1 0 0
20935 8 -22 0 0
5177 17 -96 0 0
18998 87 65 0 0
26990 79 35 0 0
22559 55 -13 0 0
24784 -75 -16 0 0
29579 -56 -60 0 0
11458 -82 -67 0 0
9465 -27 81 0 0
24579 78 -79 0 0
32186 -93 -46 0 0
1666 95 77 0 0
7830 -56 -35 0 0
6367 92 68 0 0
30948 93 2 0 0
16587 -63 -60 0 0
30113 -67 76 0 0
30857 -18 -13 0 0
2862 3 -67 0 0
14895 -30 77 0 0
21943 43 -81 0 0
17283 91 -73 0 0
20336 73 -36 0 0
31114 -54 -35 0 0
7476 85 11 0 0
17183 -96 -5 0 0
22815 51 52 0 0
21543 57 -11 0 0
10303 -88 93 0 0
27459 -63 -63 0 0
2422 -1 79 0 0
531 33 6 0 0
31511 73 -70 0 0
29790 53 -52 0 0
8683 75 -51 0 0
15551 -66 -99 0 0
22431 -62 37 0 0
9642 13 13 0 0
16336 -5 98 0 0
17372 -60 -18 0 0
2600 7 -7 0 0
19363 84 -86 0 0
11592 94 56 0 0
25715 8 -90 0 0
31101 -75 -55 0 0
5830 53 92 0 0
13164 -14 87 0 0
24131 -5 52 0 0
17972 50 -26 0 0
24206 -96 -96 0 0
22974 -99 -45 0 0
17246 44 96 0 0
1331 3 40 0 0
1195 -50 81 0 0
16077 55 -81 0 0
11782 -43 -24 0 0
24960 -6 -9 0 0
29828 -65 60 0 0
30249 -100 -32 0 0
26821 89 23 0 0
12621 -25 -100 0 0
31472 -32 4 0 0
6025 -98 12 0 0
25802 -61 -90 0 0
19011 1 66 0 0
29231 -54 -41 0 0
27451 -53 -92 0 0
6795 49 23 0 0
8461 20 -62 0 0
32302 73 -23 0 0
24523 -6 7 0 0
12439 2 -56 0 0
40 77 -40 0 0
21756 -86 56 0 0
13558 12 -72 0 0
1211 93 -58 0 0
25065 37 -9 0 0
20358 -32 -96 0 0
2000 -55 -30 0 0
29529 -53 51 0 0
14798 -61 -29 0 0
16026 -57 -88 0 0
11316 -87 -7 0 0
30980 79 9 0 0
14601 -35 16 0 0
16411 -79 -43 0 0
32620 61 28 0 0
2654 -67 -97 0 0
23113 40 -58 0 0
4224 81 -99 0 0
8224 -68 66 0 0
15926 71 -5 0 0
16587 -82 71 0 0
5266 54 -49 0 0
14212 -94 26 0 0
9693 -9 -39 0 0
13985 32 -21 0 0
5989 -63 58 0 0
16316 -89 87 0 0
28616 9 -77 0 0
22081 4 -21 0 0
30870 25 59 0 0
29587 -19 -78 0 0
12395 96 -54 0 0
11088 17 -52 0 0
18119 14 11 0 0
21340 -44 -39 0 0
27987 -92 45 0 0
