11 1 20.799990 1000 0
120
10 1000 1 0 0
18 999 2 0 0
15 1001 2 0 0
21 998 3 0 0
30 1000 3 0 0
25 1002 3 0 0
49 997 4 0 0
49 999 4 0 0
43 1001 4 0 0
45 1003 4 0 0
76 996 5 0 0
76 998 5 0 0
72 1000 5 0 0
78 1002 5 0 0
72 1004 5 0 0
132 995 6 0 0
156 997 6 0 0
143 999 6 0 0
148 1001 6 0 0
157 1003 6 0 0
152 1005 6 0 0
255 994 7 0 0
263 996 7 0 0
224 998 7 0 0
223 1000 7 0 0
273 1002 7 0 0
272 1004 7 0 0
237 1006 7 0 0
409 993 8 0 0
466 995 8 0 0
418 997 8 0 0
377 999 8 0 0
382 1001 8 0 0
389 1003 8 0 0
440 1005 8 0 0
483 1007 8 0 0
698 992 9 0 0
700 994 9 0 0
676 996 9 0 0
675 998 9 0 0
794 1000 9 0 0
732 1002 9 0 0
683 1004 9 0 0
744 1006 9 0 0
684 1008 9 0 0
1365 991 10 0 0
1482 993 10 0 0
1452 995 10 0 0
1274 997 10 0 0
1349 999 10 0 0
1158 1001 10 0 0
1405 1003 10 0 0
1243 1005 10 0 0
1338 1007 10 0 0
1198 1009 10 0 0
2510 990 11 0 0
2274 992 11 0 0
2642 994 11 0 0
2230 996 11 0 0
2129 998 11 0 0
2617 1000 11 0 0
2436 1002 11 0 0
2091 1004 11 0 0
2543 1006 11 0 0
2289 1008 11 0 0
2207 1010 11 0 0
4571 989 12 0 0
4473 991 12 0 0
4535 993 12 0 0
4499 995 12 0 0
3597 997 12 0 0
4516 999 12 0 0
4581 1001 12 0 0
4540 1003 12 0 0
3941 1005 12 0 0
4041 1007 12 0 0
3697 1009 12 0 0
3832 1011 12 0 0
6554 988 13 0 0
7709 990 13 0 0
7790 992 13 0 0
6784 994 13 0 0
6245 996 13 0 0
8115 998 13 0 0
6917 1000 13 0 0
8001 1002 13 0 0
7127 1004 13 0 0
7537 1006 13 0 0
8092 1008 13 0 0
6469 1010 13 0 0
7105 1012 13 0 0
11660 987 14 0 0
10867 989 14 0 0
11604 991 14 0 0
12838 993 14 0 0
11289 995 14 0 0
12889 997 14 0 0
12893 999 14 0 0
12680 1001 14 0 0
13312 1003 14 0 0
12134 1005 14 0 0
13846 1007 14 0 0
11940 1009 14 0 0
12389 1011 14 0 0
12455 1013 14 0 0
22741 986 15 0 0
20628 988 15 0 0
21277 990 15 0 0
19844 992 15 0 0
22877 994 15 0 0
23992 996 15 0 0
23076 998 15 0 0
21255 1000 15 0 0
19563 1002 15 0 0
19081 1004 15 0 0
24800 1006 15 0 0
21108 1008 15 0 0
22224 1010 15 0 0
24068 1012 15 0 0
23163 1014 15 0 0
