2 100 571 0 0
30
8 533 -236 -4 -3
262144 -714 655 -3 5
2 800 -311 0 2
65536 -338 665 1 0
512 -135 -761 -5 0
536870912 -259 -354 -4 0
67108864 737 -281 -5 1
1024 34 -690 3 2
131072 -909 -712 0 -2
8388608 -363 255 5 4
256 -274 883 -4 -4
32768 86 -1 0 0
134217728 -383 620 1 1
8192 835 -253 -5 0
4 -705 925 1 0
4194304 318 -386 -5 -1
524288 -919 -890 -5 -1
16777216 100 -169 3 0
2097152 926 -307 -3 3
1 -625 658 2 2
32 63 -89 -3 0
16384 566 -236 5 -5
4096 284 975 -4 -1
1048576 -245 -656 -3 4
16 -954 -971 4 0
128 714 -67 1 -1
33554432 -824 92 4 2
268435456 -719 450 2 -5
64 -95 -62 5 -5
2048 -421 -791 -4 -4
