11 1 84.439600 1000 0
1830
10 1000 1 0 0
18 999 2 0 0
15 1001 2 0 0
21 998 3 0 0
30 1000 3 0 0
25 1002 3 0 0
49 997 4 0 0
49 999 4 0 0
43 1001 4 0 0
45 1003 4 0 0
76 996 5 0 0
76 998 5 0 0
72 1000 5 0 0
78 1002 5 0 0
72 1004 5 0 0
132 995 6 0 0
156 997 6 0 0
143 999 6 0 0
148 1001 6 0 0
157 1003 6 0 0
152 1005 6 0 0
255 994 7 0 0
263 996 7 0 0
224 998 7 0 0
223 1000 7 0 0
273 1002 7 0 0
272 1004 7 0 0
237 1006 7 0 0
409 993 8 0 0
466 995 8 0 0
418 997 8 0 0
377 999 8 0 0
382 1001 8 0 0
389 1003 8 0 0
440 1005 8 0 0
483 1007 8 0 0
698 992 9 0 0
700 994 9 0 0
676 996 9 0 0
675 998 9 0 0
794 1000 9 0 0
732 1002 9 0 0
683 1004 9 0 0
744 1006 9 0 0
684 1008 9 0 0
1365 991 10 0 0
1482 993 10 0 0
1452 995 10 0 0
1274 997 10 0 0
1349 999 10 0 0
1158 1001 10 0 0
1405 1003 10 0 0
1243 1005 10 0 0
1338 1007 10 0 0
1198 1009 10 0 0
2510 990 11 0 0
2274 992 11 0 0
2642 994 11 0 0
2230 996 11 0 0
2129 998 11 0 0
2617 1000 11 0 0
2436 1002 11 0 0
2091 1004 11 0 0
2543 1006 11 0 0
2289 1008 11 0 0
2207 1010 11 0 0
4571 989 12 0 0
4473 991 12 0 0
4535 993 12 0 0
4499 995 12 0 0
3597 997 12 0 0
4516 999 12 0 0
4581 1001 12 0 0
4540 1003 12 0 0
3941 1005 12 0 0
4041 1007 12 0 0
3697 1009 12 0 0
3832 1011 12 0 0
6554 988 13 0 0
7709 990 13 0 0
7790 992 13 0 0
6784 994 13 0 0
6245 996 13 0 0
8115 998 13 0 0
6917 1000 13 0 0
8001 1002 13 0 0
7127 1004 13 0 0
7537 1006 13 0 0
8092 1008 13 0 0
6469 1010 13 0 0
7105 1012 13 0 0
11660 987 14 0 0
10867 989 14 0 0
11604 991 14 0 0
12838 993 14 0 0
11289 995 14 0 0
12889 997 14 0 0
12893 999 14 0 0
12680 1001 14 0 0
13312 1003 14 0 0
12134 1005 14 0 0
13846 1007 14 0 0
11940 1009 14 0 0
12389 1011 14 0 0
12455 1013 14 0 0
22741 986 15 0 0
20628 988 15 0 0
21277 990 15 0 0
19844 992 15 0 0
22877 994 15 0 0
23992 996 15 0 0
23076 998 15 0 0
21255 1000 15 0 0
19563 1002 15 0 0
19081 1004 15 0 0
24800 1006 15 0 0
21108 1008 15 0 0
22224 1010 15 0 0
24068 1012 15 0 0
23163 1014 15 0 0
37275 985 16 0 0
36580 987 16 0 0
42452 989 16 0 0
41926 991 16 0 0
35644 993 16 0 0
38056 995 16 0 0
36944 997 16 0 0
38864 999 16 0 0
37322 1001 16 0 0
35342 1003 16 0 0
40639 1005 16 0 0
34441 1007 16 0 0
40231 1009 16 0 0
35013 1011 16 0 0
37256 1013 16 0 0
36721 1015 16 0 0
59525 984 17 0 0
58609 986 17 0 0
66427 988 17 0 0
59757 990 17 0 0
63877 992 17 0 0
60707 994 17 0 0
66172 996 17 0 0
58803 998 17 0 0
63365 1000 17 0 0
67330 1002 17 0 0
60627 1004 17 0 0
68179 1006 17 0 0
62640 1008 17 0 0
67008 1010 17 0 0
64843 1012 17 0 0
63365 1014 17 0 0
65925 1016 17 0 0
104741 983 18 0 0
108124 985 18 0 0
110878 987 18 0 0
102612 989 18 0 0
104300 991 18 0 0
110473 993 18 0 0
103367 995 18 0 0
109121 997 18 0 0
108071 999 18 0 0
109334 1001 18 0 0
102247 1003 18 0 0
103258 1005 18 0 0
108195 1007 18 0 0
109305 1009 18 0 0
105753 1011 18 0 0
105314 1013 18 0 0
106060 1015 18 0 0
102002 1017 18 0 0
170966 982 19 0 0
179507 984 19 0 0
171152 986 19 0 0
174729 988 19 0 0
174152 990 19 0 0
177479 992 19 0 0
173330 994 19 0 0
179800 996 19 0 0
174615 998 19 0 0
178414 1000 19 0 0
174867 1002 19 0 0
170186 1004 19 0 0
172132 1006 19 0 0
176549 1008 19 0 0
178069 1010 19 0 0
177033 1012 19 0 0
173921 1014 19 0 0
178259 1016 19 0 0
170600 1018 19 0 0
285573 981 20 0 0
286737 983 20 0 0
286491 985 20 0 0
284326 987 20 0 0
289651 989 20 0 0
284266 991 20 0 0
286154 993 20 0 0
288462 995 20 0 0
284656 997 20 0 0
291359 999 20 0 0
286153 1001 20 0 0
289461 1003 20 0 0
290779 1005 20 0 0
289295 1007 20 0 0
282443 1009 20 0 0
287094 1011 20 0 0
288363 1013 20 0 0
283398 1015 20 0 0
284641 1017 20 0 0
282145 1019 20 0 0
468202 980 21 0 0
462985 982 21 0 0
467822 984 21 0 0
464584 986 21 0 0
466966 988 21 0 0
464677 990 21 0 0
465173 992 21 0 0
462461 994 21 0 0
465071 996 21 0 0
466320 998 21 0 0
462498 1000 21 0 0
463565 1002 21 0 0
471290 1004 21 0 0
471481 1006 21 0 0
469426 1008 21 0 0
467176 1010 21 0 0
465435 1012 21 0 0
468596 1014 21 0 0
462556 1016 21 0 0
471773 1018 21 0 0
466775 1020 21 0 0
759103 979 22 0 0
763411 981 22 0 0
754619 983 22 0 0
761830 985 22 0 0
760978 987 22 0 0
754293 989 22 0 0
757443 991 22 0 0
762360 993 22 0 0
756114 995 22 0 0
759861 997 22 0 0
758000 999 22 0 0
762012 1001 22 0 0
763478 1003 22 0 0
761781 1005 22 0 0
760014 1007 22 0 0
763637 1009 22 0 0
756709 1011 22 0 0
762978 1013 22 0 0
755333 1015 22 0 0
760024 1017 22 0 0
756457 1019 22 0 0
758093 1021 22 0 0
1225854 978 23 0 0
1226127 980 23 0 0
1228445 982 23 0 0
1232161 984 23 0 0
1230687 986 23 0 0
1234675 988 23 0 0
1234232 990 23 0 0
1235668 992 23 0 0
1225941 994 23 0 0
1229643 996 23 0 0
1227217 998 23 0 0
1227680 1000 23 0 0
1227796 1002 23 0 0
1226122 1004 23 0 0
1234451 1006 23 0 0
1225821 1008 23 0 0
1231500 1010 23 0 0
1229358 1012 23 0 0
1234275 1014 23 0 0
1233691 1016 23 0 0
1230188 1018 23 0 0
1230876 1020 23 0 0
1226512 1022 23 0 0
1992224 977 24 0 0
1992134 979 24 0 0
1990625 981 24 0 0
1996491 983 24 0 0
1997484 985 24 0 0
1994311 987 24 0 0
1993024 989 24 0 0
1999413 991 24 0 0
1994878 993 24 0 0
1996046 995 24 0 0
1994626 997 24 0 0
1990208 999 24 0 0
1993804 1001 24 0 0
1989908 1003 24 0 0
1996710 1005 24 0 0
1991047 1007 24 0 0
1998239 1009 24 0 0
1993379 1011 24 0 0
1999456 1013 24 0 0
1990553 1015 24 0 0
1993793 1017 24 0 0
1991778 1019 24 0 0
1995343 1021 24 0 0
1996812 1023 24 0 0
3235400 976 25 0 0
3226751 978 25 0 0
3227793 980 25 0 0
3234115 982 25 0 0
3226848 984 25 0 0
3225979 986 25 0 0
3228859 988 25 0 0
3231973 990 25 0 0
3232866 992 25 0 0
3234937 994 25 0 0
3225567 996 25 0 0
3233484 998 25 0 0
3227141 1000 25 0 0
3229178 1002 25 0 0
3231563 1004 25 0 0
3227847 1006 25 0 0
3231703 1008 25 0 0
3231419 1010 25 0 0
3232111 1012 25 0 0
3227953 1014 25 0 0
3227972 1016 25 0 0
3232861 1018 25 0 0
3235290 1020 25 0 0
3228373 1022 25 0 0
3225618 1024 25 0 0
5228242 975 26 0 0
5228346 977 26 0 0
5225463 979 26 0 0
5233333 981 26 0 0
5231153 983 26 0 0
5229535 985 26 0 0
5231330 987 26 0 0
5227503 989 26 0 0
5230781 991 26 0 0
5233162 993 26 0 0
5226749 995 26 0 0
5226362 997 26 0 0
5225718 999 26 0 0
5230835 1001 26 0 0
5227311 1003 26 0 0
5229362 1005 26 0 0
5229402 1007 26 0 0
5226231 1009 26 0 0
5225100 1011 26 0 0
5225961 1013 26 0 0
5225856 1015 26 0 0
5226881 1017 26 0 0
5225992 1019 26 0 0
5229362 1021 26 0 0
5232803 1023 26 0 0
5233368 1025 26 0 0
8470031 974 27 0 0
8464118 976 27 0 0
8468454 978 27 0 0
8460955 980 27 0 0
8464618 982 27 0 0
8463668 984 27 0 0
8460694 986 27 0 0
8467603 988 27 0 0
8462635 990 27 0 0
8466009 992 27 0 0
8460922 994 27 0 0
8461646 996 27 0 0
8460939 998 27 0 0
8462517 1000 27 0 0
8462131 1002 27 0 0
8466764 1004 27 0 0
8466911 1006 27 0 0
8467726 1008 27 0 0
8460496 1010 27 0 0
8466626 1012 27 0 0
8469982 1014 27 0 0
8465219 1016 27 0 0
8461121 1018 27 0 0
8463659 1020 27 0 0
8468787 1022 27 0 0
8464948 1024 27 0 0
8468494 1026 27 0 0
13697691 973 28 0 0
13699540 975 28 0 0
13704309 977 28 0 0
13705428 979 28 0 0
13703480 981 28 0 0
13702914 983 28 0 0
13695724 985 28 0 0
13699148 987 28 0 0
13701998 989 28 0 0
13699937 991 28 0 0
13704837 993 28 0 0
13701345 995 28 0 0
13704855 997 28 0 0
13701395 999 28 0 0
13699893 1001 28 0 0
13695680 1003 28 0 0
13697355 1005 28 0 0
13703591 1007 28 0 0
13703010 1009 28 0 0
13703818 1011 28 0 0
13703041 1013 28 0 0
13703700 1015 28 0 0
13703295 1017 28 0 0
13697790 1019 28 0 0
13697286 1021 28 0 0
13698191 1023 28 0 0
13702714 1025 28 0 0
13699507 1027 28 0 0
22169099 972 29 0 0
22174477 974 29 0 0
22175208 976 29 0 0
22173624 978 29 0 0
22170799 980 29 0 0
22170096 982 29 0 0
22166521 984 29 0 0
22168622 986 29 0 0
22167540 988 29 0 0
22167921 990 29 0 0
22167019 992 29 0 0
22175967 994 29 0 0
22169057 996 29 0 0
22170177 998 29 0 0
22166997 1000 29 0 0
22173427 1002 29 0 0
22173501 1004 29 0 0
22173588 1006 29 0 0
22168720 1008 29 0 0
22169027 1010 29 0 0
22174489 1012 29 0 0
22166139 1014 29 0 0
22173218 1016 29 0 0
22167280 1018 29 0 0
22169060 1020 29 0 0
22173897 1022 29 0 0
22175183 1024 29 0 0
22174357 1026 29 0 0
22168408 1028 29 0 0
35872491 971 30 0 0
35875789 973 30 0 0
35880688 975 30 0 0
35871755 977 30 0 0
35872350 979 30 0 0
35881230 981 30 0 0
35877278 983 30 0 0
35880415 985 30 0 0
35876187 987 30 0 0
35878805 989 30 0 0
35874069 991 30 0 0
35871660 993 30 0 0
35875213 995 30 0 0
35874215 997 30 0 0
35873142 999 30 0 0
35879537 1001 30 0 0
35873645 1003 30 0 0
35878094 1005 30 0 0
35873212 1007 30 0 0
35874176 1009 30 0 0
35877820 1011 30 0 0
35878890 1013 30 0 0
35873984 1015 30 0 0
35876198 1017 30 0 0
35874111 1019 30 0 0
35875369 1021 30 0 0
35877002 1023 30 0 0
35872538 1025 30 0 0
35879982 1027 30 0 0
35872637 1029 30 0 0
58050667 970 31 0 0
58050317 972 31 0 0
58055603 974 31 0 0
58048574 976 31 0 0
58049443 978 31 0 0
58056527 980 31 0 0
58052274 982 31 0 0
58049684 984 31 0 0
58047830 986 31 0 0
58057093 988 31 0 0
58047741 990 31 0 0
58049559 992 31 0 0
58050273 994 31 0 0
58054681 996 31 0 0
58052626 998 31 0 0
58055399 1000 31 0 0
58054602 1002 31 0 0
58057080 1004 31 0 0
58051004 1006 31 0 0
58057092 1008 31 0 0
58051990 1010 31 0 0
58050142 1012 31 0 0
58053142 1014 31 0 0
58053146 1016 31 0 0
58049442 1018 31 0 0
58052938 1020 31 0 0
58056035 1022 31 0 0
58054419 1024 31 0 0
58052478 1026 31 0 0
58047640 1028 31 0 0
58052111 1030 31 0 0
93932774 969 32 0 0
93932297 971 32 0 0
93929231 973 32 0 0
93931559 975 32 0 0
93930301 977 32 0 0
93937297 979 32 0 0
93935239 981 32 0 0
93937153 983 32 0 0
93934067 985 32 0 0
93929361 987 32 0 0
93938046 989 32 0 0
93929805 991 32 0 0
93935448 993 32 0 0
93934582 995 32 0 0
93930188 997 32 0 0
93930555 999 32 0 0
93938825 1001 32 0 0
93933960 1003 32 0 0
93929222 1005 32 0 0
93930798 1007 32 0 0
93933977 1009 32 0 0
93929886 1011 32 0 0
93937698 1013 32 0 0
93932865 1015 32 0 0
93929934 1017 32 0 0
93936749 1019 32 0 0
93937994 1021 32 0 0
93936614 1023 32 0 0
93937402 1025 32 0 0
93932043 1027 32 0 0
93930513 1029 32 0 0
93930237 1031 32 0 0
151992610 968 33 0 0
151992993 970 33 0 0
151988857 972 33 0 0
151989313 974 33 0 0
151995910 976 33 0 0
151988878 978 33 0 0
151993031 980 33 0 0
151991662 982 33 0 0
151987665 984 33 0 0
151991440 986 33 0 0
151996354 988 33 0 0
151989402 990 33 0 0
151991013 992 33 0 0
151988980 994 33 0 0
151989546 996 33 0 0
151993936 998 33 0 0
151995958 1000 33 0 0
151993094 1002 33 0 0
151987662 1004 33 0 0
151995256 1006 33 0 0
151989388 1008 33 0 0
151988907 1010 33 0 0
151992626 1012 33 0 0
151995902 1014 33 0 0
151995376 1016 33 0 0
151991038 1018 33 0 0
151987108 1020 33 0 0
151989768 1022 33 0 0
151988180 1024 33 0 0
151995911 1026 33 0 0
151995080 1028 33 0 0
151989910 1030 33 0 0
151995889 1032 33 0 0
245928860 967 34 0 0
245929458 969 34 0 0
245934950 971 34 0 0
245928486 973 34 0 0
245928612 975 34 0 0
245935206 977 34 0 0
245925702 979 34 0 0
245928307 981 34 0 0
245934286 983 34 0 0
245927175 985 34 0 0
245929630 987 34 0 0
245930012 989 34 0 0
245929718 991 34 0 0
245929818 993 34 0 0
245930156 995 34 0 0
245932150 997 34 0 0
245934523 999 34 0 0
245927885 1001 34 0 0
245935444 1003 34 0 0
245927643 1005 34 0 0
245932552 1007 34 0 0
245929175 1009 34 0 0
245935323 1011 34 0 0
245932245 1013 34 0 0
245932562 1015 34 0 0
245927046 1017 34 0 0
245929959 1019 34 0 0
245928121 1021 34 0 0
245928554 1023 34 0 0
245928198 1025 34 0 0
245928074 1027 34 0 0
245926502 1029 34 0 0
245927225 1031 34 0 0
245925657 1033 34 0 0
397924991 966 35 0 0
397926820 968 35 0 0
397925082 970 35 0 0
397924368 972 35 0 0
397924285 974 35 0 0
397925897 976 35 0 0
397928656 978 35 0 0
397924884 980 35 0 0
397922318 982 35 0 0
397923602 984 35 0 0
397929969 986 35 0 0
397925366 988 35 0 0
397930014 990 35 0 0
397923771 992 35 0 0
397924076 994 35 0 0
397927349 996 35 0 0
397923925 998 35 0 0
397925993 1000 35 0 0
397929542 1002 35 0 0
397924422 1004 35 0 0
397924844 1006 35 0 0
397924337 1008 35 0 0
397924878 1010 35 0 0
397923782 1012 35 0 0
397928677 1014 35 0 0
397927701 1016 35 0 0
397924138 1018 35 0 0
397922320 1020 35 0 0
397927848 1022 35 0 0
397929107 1024 35 0 0
397922692 1026 35 0 0
397928025 1028 35 0 0
397922445 1030 35 0 0
397926557 1032 35 0 0
397928785 1034 35 0 0
643867590 965 36 0 0
643862589 967 36 0 0
643860877 969 36 0 0
643859197 971 36 0 0
643865345 973 36 0 0
643858610 975 36 0 0
643858158 977 36 0 0
643860411 979 36 0 0
643859488 981 36 0 0
643866178 983 36 0 0
643866030 985 36 0 0
643860408 987 36 0 0
643857775 989 36 0 0
643867049 991 36 0 0
643858611 993 36 0 0
643857806 995 36 0 0
643860553 997 36 0 0
643858346 999 36 0 0
643858753 1001 36 0 0
643862667 1003 36 0 0
643865846 1005 36 0 0
643858428 1007 36 0 0
643860904 1009 36 0 0
643861565 1011 36 0 0
643857774 1013 36 0 0
643864222 1015 36 0 0
643866419 1017 36 0 0
643866825 1019 36 0 0
643867232 1021 36 0 0
643860325 1023 36 0 0
643863724 1025 36 0 0
643862880 1027 36 0 0
643867088 1029 36 0 0
643867049 1031 36 0 0
643866386 1033 36 0 0
643864474 1035 36 0 0
1041791923 964 37 0 0
1041791138 966 37 0 0
1041790216 968 37 0 0
1041798640 970 37 0 0
1041791072 972 37 0 0
1041797486 974 37 0 0
1041795143 976 37 0 0
1041792061 978 37 0 0
1041798382 980 37 0 0
1041793710 982 37 0 0
1041793654 984 37 0 0
1041790487 986 37 0 0
1041799171 988 37 0 0
1041795878 990 37 0 0
1041797429 992 37 0 0
1041799435 994 37 0 0
1041795440 996 37 0 0
1041791505 998 37 0 0
1041796348 1000 37 0 0
1041799420 1002 37 0 0
1041796008 1004 37 0 0
1041791118 1006 37 0 0
1041797692 1008 37 0 0
1041799053 1010 37 0 0
1041790480 1012 37 0 0
1041795958 1014 37 0 0
1041790094 1016 37 0 0
1041798564 1018 37 0 0
1041798094 1020 37 0 0
1041793871 1022 37 0 0
1041795703 1024 37 0 0
1041795482 1026 37 0 0
1041793271 1028 37 0 0
1041795639 1030 37 0 0
1041792551 1032 37 0 0
1041796307 1034 37 0 0
1041797906 1036 37 0 0
1685661701 963 38 0 0
1685657691 965 38 0 0
1685666402 967 38 0 0
1685663114 969 38 0 0
1685662585 971 38 0 0
1685663904 973 38 0 0
1685661462 975 38 0 0
1685660218 977 38 0 0
1685658120 979 38 0 0
1685658836 981 38 0 0
1685660278 983 38 0 0
1685663323 985 38 0 0
1685659980 987 38 0 0
1685666627 989 38 0 0
1685659786 991 38 0 0
1685665104 993 38 0 0
1685665856 995 38 0 0
1685659780 997 38 0 0
1685663157 999 38 0 0
1685665236 1001 38 0 0
1685658528 1003 38 0 0
1685665208 1005 38 0 0
1685664321 1007 38 0 0
1685659432 1009 38 0 0
1685666849 1011 38 0 0
1685658367 1013 38 0 0
1685662820 1015 38 0 0
1685662592 1017 38 0 0
1685659156 1019 38 0 0
1685657920 1021 38 0 0
1685659038 1023 38 0 0
1685658713 1025 38 0 0
1685658863 1027 38 0 0
1685661200 1029 38 0 0
1685661264 1031 38 0 0
1685660588 1033 38 0 0
1685665480 1035 38 0 0
1685660528 1037 38 0 0
2727458572 962 39 0 0
2727459041 964 39 0 0
2727466208 966 39 0 0
2727465043 968 39 0 0
2727466175 970 39 0 0
2727459267 972 39 0 0
2727462759 974 39 0 0
2727466017 976 39 0 0
2727461482 978 39 0 0
2727465785 980 39 0 0
2727463441 982 39 0 0
2727460363 984 39 0 0
2727466037 986 39 0 0
2727460741 988 39 0 0
2727463004 990 39 0 0
2727465814 992 39 0 0
2727465366 994 39 0 0
2727467099 996 39 0 0
2727465819 998 39 0 0
2727458628 1000 39 0 0
2727461968 1002 39 0 0
2727464648 1004 39 0 0
2727462583 1006 39 0 0
2727466066 1008 39 0 0
2727467259 1010 39 0 0
2727467397 1012 39 0 0
2727464600 1014 39 0 0
2727461920 1016 39 0 0
2727461025 1018 39 0 0
2727459097 1020 39 0 0
2727464465 1022 39 0 0
2727461512 1024 39 0 0
2727463063 1026 39 0 0
2727457526 1028 39 0 0
2727459039 1030 39 0 0
2727462843 1032 39 0 0
2727459586 1034 39 0 0
2727460441 1036 39 0 0
2727460134 1038 39 0 0
4413127522 961 40 0 0
4413131576 963 40 0 0
4413130164 965 40 0 0
4413129796 967 40 0 0
4413126703 969 40 0 0
4413126456 971 40 0 0
4413125723 973 40 0 0
4413127172 975 40 0 0
4413126334 977 40 0 0
4413126873 979 40 0 0
4413135067 981 40 0 0
4413126001 983 40 0 0
4413129260 985 40 0 0
4413125805 987 40 0 0
4413133064 989 40 0 0
4413127957 991 40 0 0
4413126543 993 40 0 0
4413130733 995 40 0 0
4413125863 997 40 0 0
4413132180 999 40 0 0
4413129651 1001 40 0 0
4413125896 1003 40 0 0
4413133149 1005 40 0 0
4413127338 1007 40 0 0
4413130299 1009 40 0 0
4413132153 1011 40 0 0
4413134968 1013 40 0 0
4413130742 1015 40 0 0
4413126338 1017 40 0 0
4413130862 1019 40 0 0
4413135037 1021 40 0 0
4413128474 1023 40 0 0
4413127369 1025 40 0 0
4413129879 1027 40 0 0
4413130059 1029 40 0 0
4413130069 1031 40 0 0
4413128431 1033 40 0 0
4413127838 1035 40 0 0
4413130524 1037 40 0 0
4413126138 1039 40 0 0
7140592966 960 41 0 0
7140593611 962 41 0 0
7140595160 964 41 0 0
7140602109 966 41 0 0
7140601196 968 41 0 0
7140602128 970 41 0 0
7140600576 972 41 0 0
7140595953 974 41 0 0
7140600688 976 41 0 0
7140600525 978 41 0 0
7140598754 980 41 0 0
7140593806 982 41 0 0
7140594559 984 41 0 0
7140597683 986 41 0 0
7140593037 988 41 0 0
7140597218 990 41 0 0
7140598784 992 41 0 0
7140597040 994 41 0 0
7140595014 996 41 0 0
7140599318 998 41 0 0
7140593237 1000 41 0 0
7140602423 1002 41 0 0
7140601987 1004 41 0 0
7140592703 1006 41 0 0
7140599177 1008 41 0 0
7140598648 1010 41 0 0
7140597348 1012 41 0 0
7140601752 1014 41 0 0
7140593424 1016 41 0 0
7140598607 1018 41 0 0
7140600869 1020 41 0 0
7140599265 1022 41 0 0
7140596547 1024 41 0 0
7140593448 1026 41 0 0
7140593093 1028 41 0 0
7140593968 1030 41 0 0
7140593626 1032 41 0 0
7140593744 1034 41 0 0
7140600842 1036 41 0 0
7140600453 1038 41 0 0
7140597237 1040 41 0 0
11553729739 959 42 0 0
11553730362 961 42 0 0
11553731914 963 42 0 0
11553737417 965 42 0 0
11553729378 967 42 0 0
11553733390 969 42 0 0
11553729360 971 42 0 0
11553728620 973 42 0 0
11553728080 975 42 0 0
11553729142 977 42 0 0
11553731179 979 42 0 0
11553731735 981 42 0 0
11553734990 983 42 0 0
11553729959 985 42 0 0
11553733182 987 42 0 0
11553734030 989 42 0 0
11553734361 991 42 0 0
11553734029 993 42 0 0
11553731983 995 42 0 0
11553727876 997 42 0 0
11553728851 999 42 0 0
11553730044 1001 42 0 0
11553731941 1003 42 0 0
11553734835 1005 42 0 0
11553731754 1007 42 0 0
11553736926 1009 42 0 0
11553728806 1011 42 0 0
11553729044 1013 42 0 0
11553734585 1015 42 0 0
11553731776 1017 42 0 0
11553731881 1019 42 0 0
11553729086 1021 42 0 0
11553732991 1023 42 0 0
11553729630 1025 42 0 0
11553731404 1027 42 0 0
11553737369 1029 42 0 0
11553734635 1031 42 0 0
11553732629 1033 42 0 0
11553731289 1035 42 0 0
11553736215 1037 42 0 0
11553732674 1039 42 0 0
11553729010 1041 42 0 0
18694333993 958 43 0 0
18694331012 960 43 0 0
18694332561 962 43 0 0
18694335743 964 43 0 0
18694337264 966 43 0 0
18694334172 968 43 0 0
18694339709 970 43 0 0
18694334219 972 43 0 0
18694330598 974 43 0 0
18694339348 976 43 0 0
18694332958 978 43 0 0
18694334310 980 43 0 0
18694330341 982 43 0 0
18694332284 984 43 0 0
18694340122 986 43 0 0
18694336843 988 43 0 0
18694332732 990 43 0 0
18694333023 992 43 0 0
18694335652 994 43 0 0
18694337039 996 43 0 0
18694335930 998 43 0 0
18694333062 1000 43 0 0
18694336279 1002 43 0 0
18694339377 1004 43 0 0
18694336751 1006 43 0 0
18694331799 1008 43 0 0
18694336575 1010 43 0 0
18694332848 1012 43 0 0
18694340302 1014 43 0 0
18694334300 1016 43 0 0
18694336834 1018 43 0 0
18694331856 1020 43 0 0
18694335608 1022 43 0 0
18694335276 1024 43 0 0
18694339208 1026 43 0 0
18694330399 1028 43 0 0
18694335040 1030 43 0 0
18694334311 1032 43 0 0
18694336603 1034 43 0 0
18694335457 1036 43 0 0
18694336555 1038 43 0 0
18694334894 1040 43 0 0
18694338156 1042 43 0 0
30248076398 957 44 0 0
30248071108 959 44 0 0
30248068278 961 44 0 0
30248077355 963 44 0 0
30248076149 965 44 0 0
30248070023 967 44 0 0
30248074153 969 44 0 0
30248068777 971 44 0 0
30248072551 973 44 0 0
30248072841 975 44 0 0
30248076449 977 44 0 0
30248077882 979 44 0 0
30248074018 981 44 0 0
30248074610 983 44 0 0
30248076183 985 44 0 0
30248069748 987 44 0 0
30248075178 989 44 0 0
30248073965 991 44 0 0
30248071140 993 44 0 0
30248068857 995 44 0 0
30248072044 997 44 0 0
30248076200 999 44 0 0
30248078023 1001 44 0 0
30248076756 1003 44 0 0
30248074180 1005 44 0 0
30248068076 1007 44 0 0
30248071009 1009 44 0 0
30248073858 1011 44 0 0
30248069792 1013 44 0 0
30248069430 1015 44 0 0
30248068097 1017 44 0 0
30248073251 1019 44 0 0
30248072845 1021 44 0 0
30248075269 1023 44 0 0
30248073140 1025 44 0 0
30248069954 1027 44 0 0
30248070041 1029 44 0 0
30248069140 1031 44 0 0
30248069401 1033 44 0 0
30248070934 1035 44 0 0
30248074220 1037 44 0 0
30248072363 1039 44 0 0
30248070234 1041 44 0 0
30248068892 1043 44 0 0
48942418086 956 45 0 0
48942414038 958 45 0 0
48942417058 960 45 0 0
48942411008 962 45 0 0
48942411719 964 45 0 0
48942413103 966 45 0 0
48942413096 968 45 0 0
48942408487 970 45 0 0
48942408525 972 45 0 0
48942410658 974 45 0 0
48942415075 976 45 0 0
48942409938 978 45 0 0
48942415087 980 45 0 0
48942416274 982 45 0 0
48942417829 984 45 0 0
48942416815 986 45 0 0
48942417236 988 45 0 0
48942415226 990 45 0 0
48942415926 992 45 0 0
48942416134 994 45 0 0
48942417074 996 45 0 0
48942417495 998 45 0 0
48942416089 1000 45 0 0
48942418373 1002 45 0 0
48942409750 1004 45 0 0
48942414096 1006 45 0 0
48942414431 1008 45 0 0
48942410071 1010 45 0 0
48942413130 1012 45 0 0
48942414474 1014 45 0 0
48942417717 1016 45 0 0
48942408823 1018 45 0 0
48942416311 1020 45 0 0
48942418281 1022 45 0 0
48942415533 1024 45 0 0
48942412349 1026 45 0 0
48942411152 1028 45 0 0
48942410169 1030 45 0 0
48942416831 1032 45 0 0
48942415939 1034 45 0 0
48942413216 1036 45 0 0
48942410677 1038 45 0 0
48942417728 1040 45 0 0
48942414012 1042 45 0 0
48942410314 1044 45 0 0
79190490784 955 46 0 0
79190489958 957 46 0 0
79190487491 959 46 0 0
79190487613 961 46 0 0
79190493107 963 46 0 0
79190490591 965 46 0 0
79190493286 967 46 0 0
79190490563 969 46 0 0
79190490033 971 46 0 0
79190488768 973 46 0 0
79190487770 975 46 0 0
79190496473 977 46 0 0
79190495629 979 46 0 0
79190487533 981 46 0 0
79190491822 983 46 0 0
79190491186 985 46 0 0
79190486727 987 46 0 0
79190493970 989 46 0 0
79190490190 991 46 0 0
79190491610 993 46 0 0
79190486590 995 46 0 0
79190492917 997 46 0 0
79190494437 999 46 0 0
79190491199 1001 46 0 0
79190496181 1003 46 0 0
79190493474 1005 46 0 0
79190487531 1007 46 0 0
79190491746 1009 46 0 0
79190493958 1011 46 0 0
79190494716 1013 46 0 0
79190492900 1015 46 0 0
79190494395 1017 46 0 0
79190487344 1019 46 0 0
79190494137 1021 46 0 0
79190488974 1023 46 0 0
79190494963 1025 46 0 0
79190487673 1027 46 0 0
79190493941 1029 46 0 0
79190493110 1031 46 0 0
79190488636 1033 46 0 0
79190488500 1035 46 0 0
79190487625 1037 46 0 0
79190494870 1039 46 0 0
79190489515 1041 46 0 0
79190490404 1043 46 0 0
79190487125 1045 46 0 0
128132914345 954 47 0 0
128132911491 956 47 0 0
128132905693 958 47 0 0
128132908987 960 47 0 0
128132912717 962 47 0 0
128132914179 964 47 0 0
128132909488 966 47 0 0
128132912167 968 47 0 0
128132905686 970 47 0 0
128132913240 972 47 0 0
128132905335 974 47 0 0
128132908770 976 47 0 0
128132905429 978 47 0 0
128132913202 980 47 0 0
128132909464 982 47 0 0
128132913651 984 47 0 0
128132914456 986 47 0 0
128132907223 988 47 0 0
128132913285 990 47 0 0
128132906304 992 47 0 0
128132914785 994 47 0 0
128132910715 996 47 0 0
128132908739 998 47 0 0
128132911703 1000 47 0 0
128132909117 1002 47 0 0
128132909338 1004 47 0 0
128132911813 1006 47 0 0
128132905547 1008 47 0 0
128132905118 1010 47 0 0
128132909407 1012 47 0 0
128132905828 1014 47 0 0
128132914447 1016 47 0 0
128132910035 1018 47 0 0
128132910049 1020 47 0 0
128132906544 1022 47 0 0
128132905562 1024 47 0 0
128132905681 1026 47 0 0
128132907248 1028 47 0 0
128132906640 1030 47 0 0
128132911286 1032 47 0 0
128132908033 1034 47 0 0
128132913603 1036 47 0 0
128132911833 1038 47 0 0
128132906075 1040 47 0 0
128132914457 1042 47 0 0
128132913527 1044 47 0 0
128132912550 1046 47 0 0
207323406442 953 48 0 0
207323405881 955 48 0 0
207323402888 957 48 0 0
207323401843 959 48 0 0
207323406982 961 48 0 0
207323401894 963 48 0 0
207323404601 965 48 0 0
207323403937 967 48 0 0
207323402273 969 48 0 0
207323410832 971 48 0 0
207323410924 973 48 0 0
207323410328 975 48 0 0
207323405528 977 48 0 0
207323401889 979 48 0 0
207323403916 981 48 0 0
207323408836 983 48 0 0
207323401698 985 48 0 0
207323403288 987 48 0 0
207323409716 989 48 0 0
207323405700 991 48 0 0
207323404291 993 48 0 0
207323402277 995 48 0 0
207323411104 997 48 0 0
207323407703 999 48 0 0
207323409704 1001 48 0 0
207323402646 1003 48 0 0
207323403760 1005 48 0 0
207323409004 1007 48 0 0
207323402079 1009 48 0 0
207323409530 1011 48 0 0
207323402956 1013 48 0 0
207323411316 1015 48 0 0
207323410502 1017 48 0 0
207323403873 1019 48 0 0
207323404704 1021 48 0 0
207323401371 1023 48 0 0
207323407704 1025 48 0 0
207323403991 1027 48 0 0
207323410030 1029 48 0 0
207323411338 1031 48 0 0
207323406974 1033 48 0 0
207323401933 1035 48 0 0
207323410648 1037 48 0 0
207323408453 1039 48 0 0
207323410520 1041 48 0 0
207323409740 1043 48 0 0
207323410018 1045 48 0 0
207323409562 1047 48 0 0
335456326133 952 49 0 0
335456320081 954 49 0 0
335456324651 956 49 0 0
335456323829 958 49 0 0
335456322506 960 49 0 0
335456320896 962 49 0 0
335456325429 964 49 0 0
335456325075 966 49 0 0
335456317200 968 49 0 0
335456318865 970 49 0 0
335456318198 972 49 0 0
335456316544 974 49 0 0
335456324676 976 49 0 0
335456321822 978 49 0 0
335456320062 980 49 0 0
335456323842 982 49 0 0
335456322472 984 49 0 0
335456317704 986 49 0 0
335456317872 988 49 0 0
335456318866 990 49 0 0
335456317320 992 49 0 0
335456325423 994 49 0 0
335456323149 996 49 0 0
335456322330 998 49 0 0
335456319765 1000 49 0 0
335456316554 1002 49 0 0
335456325951 1004 49 0 0
335456325830 1006 49 0 0
335456321845 1008 49 0 0
335456319417 1010 49 0 0
335456317426 1012 49 0 0
335456324224 1014 49 0 0
335456323613 1016 49 0 0
335456322286 1018 49 0 0
335456322523 1020 49 0 0
335456325682 1022 49 0 0
335456324765 1024 49 0 0
335456316678 1026 49 0 0
335456317028 1028 49 0 0
335456325036 1030 49 0 0
335456317164 1032 49 0 0
335456319807 1034 49 0 0
335456320439 1036 49 0 0
335456321646 1038 49 0 0
335456321751 1040 49 0 0
335456322021 1042 49 0 0
335456317131 1044 49 0 0
335456317621 1046 49 0 0
335456321158 1048 49 0 0
542779735878 951 50 0 0
542779732085 953 50 0 0
542779728099 955 50 0 0
542779734597 957 50 0 0
542779734444 959 50 0 0
542779733745 961 50 0 0
542779733170 963 50 0 0
542779729200 965 50 0 0
542779737414 967 50 0 0
542779733228 969 50 0 0
542779727817 971 50 0 0
542779735217 973 50 0 0
542779735575 975 50 0 0
542779733967 977 50 0 0
542779728379 979 50 0 0
542779730106 981 50 0 0
542779728637 983 50 0 0
542779729296 985 50 0 0
542779731062 987 50 0 0
542779731052 989 50 0 0
542779733537 991 50 0 0
542779737387 993 50 0 0
542779733592 995 50 0 0
542779732031 997 50 0 0
542779732040 999 50 0 0
542779729533 1001 50 0 0
542779734847 1003 50 0 0
542779729383 1005 50 0 0
542779734057 1007 50 0 0
542779732829 1009 50 0 0
542779737109 1011 50 0 0
542779731944 1013 50 0 0
542779728583 1015 50 0 0
542779733570 1017 50 0 0
542779734429 1019 50 0 0
542779735791 1021 50 0 0
542779736324 1023 50 0 0
542779728991 1025 50 0 0
542779735316 1027 50 0 0
542779729410 1029 50 0 0
542779736155 1031 50 0 0
542779728178 1033 50 0 0
542779728596 1035 50 0 0
542779731072 1037 50 0 0
542779732646 1039 50 0 0
542779735907 1041 50 0 0
542779733845 1043 50 0 0
542779736954 1045 50 0 0
542779730001 1047 50 0 0
542779736206 1049 50 0 0
878236060828 950 51 0 0
878236056604 952 51 0 0
878236061863 954 51 0 0
878236055898 956 51 0 0
878236058657 958 51 0 0
878236063102 960 51 0 0
878236054990 962 51 0 0
878236056061 964 51 0 0
878236057736 966 51 0 0
878236063371 968 51 0 0
878236062807 970 51 0 0
878236058206 972 51 0 0
878236060368 974 51 0 0
878236063558 976 51 0 0
878236059850 978 51 0 0
878236055524 980 51 0 0
878236061416 982 51 0 0
878236059558 984 51 0 0
878236056548 986 51 0 0
878236054947 988 51 0 0
878236055871 990 51 0 0
878236056075 992 51 0 0
878236061665 994 51 0 0
878236060709 996 51 0 0
878236061609 998 51 0 0
878236063306 1000 51 0 0
878236059752 1002 51 0 0
878236054578 1004 51 0 0
878236061493 1006 51 0 0
878236062584 1008 51 0 0
878236054908 1010 51 0 0
878236055289 1012 51 0 0
878236059427 1014 51 0 0
878236063390 1016 51 0 0
878236061067 1018 51 0 0
878236054117 1020 51 0 0
878236058117 1022 51 0 0
878236060323 1024 51 0 0
878236055193 1026 51 0 0
878236056381 1028 51 0 0
878236062732 1030 51 0 0
878236059008 1032 51 0 0
878236055993 1034 51 0 0
878236057530 1036 51 0 0
878236062029 1038 51 0 0
878236055073 1040 51 0 0
878236055336 1042 51 0 0
878236059750 1044 51 0 0
878236054563 1046 51 0 0
878236061345 1048 51 0 0
878236054147 1050 51 0 0
1421015799219 949 52 0 0
1421015801299 951 52 0 0
1421015800140 953 52 0 0
1421015796977 955 52 0 0
1421015792477 957 52 0 0
1421015794335 959 52 0 0
1421015796406 961 52 0 0
1421015799947 963 52 0 0
1421015796684 965 52 0 0
1421015795383 967 52 0 0
1421015797275 969 52 0 0
1421015792209 971 52 0 0
1421015795870 973 52 0 0
1421015792888 975 52 0 0
1421015798096 977 52 0 0
1421015800330 979 52 0 0
1421015793744 981 52 0 0
1421015799530 983 52 0 0
1421015793683 985 52 0 0
1421015798101 987 52 0 0
1421015791674 989 52 0 0
1421015793834 991 52 0 0
1421015793548 993 52 0 0
1421015792814 995 52 0 0
1421015799687 997 52 0 0
1421015792564 999 52 0 0
1421015799433 1001 52 0 0
1421015800994 1003 52 0 0
1421015793177 1005 52 0 0
1421015794032 1007 52 0 0
1421015797158 1009 52 0 0
1421015793765 1011 52 0 0
1421015798720 1013 52 0 0
1421015801367 1015 52 0 0
1421015797288 1017 52 0 0
1421015792791 1019 52 0 0
1421015794249 1021 52 0 0
1421015800117 1023 52 0 0
1421015795979 1025 52 0 0
1421015798635 1027 52 0 0
1421015799940 1029 52 0 0
1421015797348 1031 52 0 0
1421015792223 1033 52 0 0
1421015795010 1035 52 0 0
1421015796373 1037 52 0 0
1421015796370 1039 52 0 0
1421015792444 1041 52 0 0
1421015793388 1043 52 0 0
1421015800764 1045 52 0 0
1421015794255 1047 52 0 0
1421015800119 1049 52 0 0
1421015800104 1051 52 0 0
2299251863845 948 53 0 0
2299251858050 950 53 0 0
2299251861450 952 53 0 0
2299251858142 954 53 0 0
2299251856194 956 53 0 0
2299251855665 958 53 0 0
2299251864877 960 53 0 0
2299251864823 962 53 0 0
2299251861754 964 53 0 0
2299251857461 966 53 0 0
2299251862975 968 53 0 0
2299251856775 970 53 0 0
2299251863222 972 53 0 0
2299251863749 974 53 0 0
2299251858718 976 53 0 0
2299251861435 978 53 0 0
2299251864317 980 53 0 0
2299251864879 982 53 0 0
2299251857821 984 53 0 0
2299251859227 986 53 0 0
2299251862155 988 53 0 0
2299251857124 990 53 0 0
2299251865198 992 53 0 0
2299251856987 994 53 0 0
2299251857225 996 53 0 0
2299251857279 998 53 0 0
2299251857368 1000 53 0 0
2299251862717 1002 53 0 0
2299251864739 1004 53 0 0
2299251856757 1006 53 0 0
2299251856630 1008 53 0 0
2299251857181 1010 53 0 0
2299251861997 1012 53 0 0
2299251864641 1014 53 0 0
2299251857035 1016 53 0 0
2299251862820 1018 53 0 0
2299251864924 1020 53 0 0
2299251862597 1022 53 0 0
2299251858653 1024 53 0 0
2299251858886 1026 53 0 0
2299251858630 1028 53 0 0
2299251863036 1030 53 0 0
2299251857402 1032 53 0 0
2299251862228 1034 53 0 0
2299251855578 1036 53 0 0
2299251861488 1038 53 0 0
2299251865200 1040 53 0 0
2299251856034 1042 53 0 0
2299251864912 1044 53 0 0
2299251865239 1046 53 0 0
2299251859861 1048 53 0 0
2299251864020 1050 53 0 0
2299251865278 1052 53 0 0
3720267664094 947 54 0 0
3720267666749 949 54 0 0
3720267666886 951 54 0 0
3720267662591 953 54 0 0
3720267661815 955 54 0 0
3720267664675 957 54 0 0
3720267659472 959 54 0 0
3720267659826 961 54 0 0
3720267659437 963 54 0 0
3720267660236 965 54 0 0
3720267660382 967 54 0 0
3720267657795 969 54 0 0
3720267659419 971 54 0 0
3720267665379 973 54 0 0
3720267662434 975 54 0 0
3720267664388 977 54 0 0
3720267663089 979 54 0 0
3720267665146 981 54 0 0
3720267661905 983 54 0 0
3720267658456 985 54 0 0
3720267662729 987 54 0 0
3720267658736 989 54 0 0
3720267658390 991 54 0 0
3720267659681 993 54 0 0
3720267665424 995 54 0 0
3720267658433 997 54 0 0
3720267665700 999 54 0 0
3720267665685 1001 54 0 0
3720267660287 1003 54 0 0
3720267660105 1005 54 0 0
3720267660444 1007 54 0 0
3720267658472 1009 54 0 0
3720267663873 1011 54 0 0
3720267657864 1013 54 0 0
3720267666173 1015 54 0 0
3720267656969 1017 54 0 0
3720267657087 1019 54 0 0
3720267658516 1021 54 0 0
3720267658391 1023 54 0 0
3720267660721 1025 54 0 0
3720267658169 1027 54 0 0
3720267666685 1029 54 0 0
3720267663478 1031 54 0 0
3720267660473 1033 54 0 0
3720267658054 1035 54 0 0
3720267657312 1037 54 0 0
3720267663383 1039 54 0 0
3720267657055 1041 54 0 0
3720267660345 1043 54 0 0
3720267659819 1045 54 0 0
3720267665968 1047 54 0 0
3720267657275 1049 54 0 0
3720267663902 1051 54 0 0
3720267664861 1053 54 0 0
6019519522492 946 55 0 0
6019519528762 948 55 0 0
6019519530787 950 55 0 0
6019519527654 952 55 0 0
6019519524889 954 55 0 0
6019519526480 956 55 0 0
6019519524358 958 55 0 0
6019519526006 960 55 0 0
6019519524895 962 55 0 0
6019519531303 964 55 0 0
6019519531044 966 55 0 0
6019519523340 968 55 0 0
6019519525174 970 55 0 0
6019519523445 972 55 0 0
6019519528967 974 55 0 0
6019519526000 976 55 0 0
6019519532216 978 55 0 0
6019519527735 980 55 0 0
6019519525026 982 55 0 0
6019519527239 984 55 0 0
6019519529098 986 55 0 0
6019519525147 988 55 0 0
6019519522680 990 55 0 0
6019519527744 992 55 0 0
6019519522898 994 55 0 0
6019519523188 996 55 0 0
6019519524884 998 55 0 0
6019519522419 1000 55 0 0
6019519526965 1002 55 0 0
6019519531483 1004 55 0 0
6019519529315 1006 55 0 0
6019519526671 1008 55 0 0
6019519524866 1010 55 0 0
6019519529525 1012 55 0 0
6019519525802 1014 55 0 0
6019519529290 1016 55 0 0
6019519530955 1018 55 0 0
6019519522526 1020 55 0 0
6019519531166 1022 55 0 0
6019519527532 1024 55 0 0
6019519525808 1026 55 0 0
6019519524040 1028 55 0 0
6019519524389 1030 55 0 0
6019519531904 1032 55 0 0
6019519529379 1034 55 0 0
6019519529581 1036 55 0 0
6019519532201 1038 55 0 0
6019519527962 1040 55 0 0
6019519522462 1042 55 0 0
6019519525863 1044 55 0 0
6019519527341 1046 55 0 0
6019519529860 1048 55 0 0
6019519525034 1050 55 0 0
6019519526291 1052 55 0 0
6019519526012 1054 55 0 0
9739787193260 945 56 0 0
9739787192176 947 56 0 0
9739787191859 949 56 0 0
9739787193855 951 56 0 0
9739787196932 953 56 0 0
9739787190078 955 56 0 0
9739787190964 957 56 0 0
9739787194745 959 56 0 0
9739787192274 961 56 0 0
9739787192788 963 56 0 0
9739787195353 965 56 0 0
9739787190423 967 56 0 0
9739787199108 969 56 0 0
9739787196695 971 56 0 0
9739787189348 973 56 0 0
9739787194236 975 56 0 0
9739787190371 977 56 0 0
9739787195154 979 56 0 0
9739787198103 981 56 0 0
9739787195929 983 56 0 0
9739787194832 985 56 0 0
9739787190166 987 56 0 0
9739787191325 989 56 0 0
9739787195626 991 56 0 0
9739787190755 993 56 0 0
9739787195696 995 56 0 0
9739787193809 997 56 0 0
9739787199095 999 56 0 0
9739787195055 1001 56 0 0
9739787194971 1003 56 0 0
9739787194649 1005 56 0 0
9739787192091 1007 56 0 0
9739787197327 1009 56 0 0
9739787189871 1011 56 0 0
9739787198272 1013 56 0 0
9739787198996 1015 56 0 0
9739787196128 1017 56 0 0
9739787196036 1019 56 0 0
9739787189819 1021 56 0 0
9739787195231 1023 56 0 0
9739787189417 1025 56 0 0
9739787197732 1027 56 0 0
9739787198668 1029 56 0 0
9739787190404 1031 56 0 0
9739787197341 1033 56 0 0
9739787196135 1035 56 0 0
9739787192362 1037 56 0 0
9739787197575 1039 56 0 0
9739787189358 1041 56 0 0
9739787195277 1043 56 0 0
9739787192246 1045 56 0 0
9739787196244 1047 56 0 0
9739787191694 1049 56 0 0
9739787198442 1051 56 0 0
9739787191758 1053 56 0 0
9739787190257 1055 56 0 0
15759306728343 944 57 0 0
15759306725605 946 57 0 0
15759306726077 948 57 0 0
15759306723410 950 57 0 0
15759306723911 952 57 0 0
15759306721636 954 57 0 0
15759306731439 956 57 0 0
15759306724954 958 57 0 0
15759306726214 960 57 0 0
15759306727615 962 57 0 0
15759306724799 964 57 0 0
15759306725330 966 57 0 0
15759306723678 968 57 0 0
15759306728747 970 57 0 0
15759306728471 972 57 0 0
15759306728896 974 57 0 0
15759306730362 976 57 0 0
15759306727832 978 57 0 0
15759306729986 980 57 0 0
15759306726348 982 57 0 0
15759306723273 984 57 0 0
15759306729106 986 57 0 0
15759306728697 988 57 0 0
15759306723653 990 57 0 0
15759306728171 992 57 0 0
15759306727945 994 57 0 0
15759306727787 996 57 0 0
15759306728004 998 57 0 0
15759306722814 1000 57 0 0
15759306730912 1002 57 0 0
15759306725672 1004 57 0 0
15759306731112 1006 57 0 0
15759306723740 1008 57 0 0
15759306727223 1010 57 0 0
15759306721652 1012 57 0 0
15759306721885 1014 57 0 0
15759306729130 1016 57 0 0
15759306729952 1018 57 0 0
15759306724921 1020 57 0 0
15759306723494 1022 57 0 0
15759306731078 1024 57 0 0
15759306726326 1026 57 0 0
15759306730717 1028 57 0 0
15759306723242 1030 57 0 0
15759306722811 1032 57 0 0
15759306723968 1034 57 0 0
15759306722326 1036 57 0 0
15759306723895 1038 57 0 0
15759306730546 1040 57 0 0
15759306723920 1042 57 0 0
15759306725662 1044 57 0 0
15759306723570 1046 57 0 0
15759306730218 1048 57 0 0
15759306727286 1050 57 0 0
15759306728761 1052 57 0 0
15759306727745 1054 57 0 0
15759306727485 1056 57 0 0
25499093925100 943 58 0 0
25499093926593 945 58 0 0
25499093927769 947 58 0 0
25499093928964 949 58 0 0
25499093929782 951 58 0 0
25499093922022 953 58 0 0
25499093922421 955 58 0 0
25499093930504 957 58 0 0
25499093925643 959 58 0 0
25499093922720 961 58 0 0
25499093929900 963 58 0 0
25499093927569 965 58 0 0
25499093921281 967 58 0 0
25499093922290 969 58 0 0
25499093929533 971 58 0 0
25499093928800 973 58 0 0
25499093923878 975 58 0 0
25499093925394 977 58 0 0
25499093929325 979 58 0 0
25499093930572 981 58 0 0
25499093926323 983 58 0 0
25499093927097 985 58 0 0
25499093925447 987 58 0 0
25499093925606 989 58 0 0
25499093924845 991 58 0 0
25499093921500 993 58 0 0
25499093927008 995 58 0 0
25499093926363 997 58 0 0
25499093921219 999 58 0 0
25499093922205 1001 58 0 0
25499093923890 1003 58 0 0
25499093927120 1005 58 0 0
25499093928919 1007 58 0 0
25499093922197 1009 58 0 0
25499093924998 1011 58 0 0
25499093921828 1013 58 0 0
25499093924934 1015 58 0 0
25499093923346 1017 58 0 0
25499093928756 1019 58 0 0
25499093929289 1021 58 0 0
25499093928111 1023 58 0 0
25499093927819 1025 58 0 0
25499093923176 1027 58 0 0
25499093930628 1029 58 0 0
25499093922759 1031 58 0 0
25499093924122 1033 58 0 0
25499093925028 1035 58 0 0
25499093928894 1037 58 0 0
25499093927535 1039 58 0 0
25499093927317 1041 58 0 0
25499093929452 1043 58 0 0
25499093923016 1045 58 0 0
25499093920676 1047 58 0 0
25499093924636 1049 58 0 0
25499093929967 1051 58 0 0
25499093923810 1053 58 0 0
25499093926077 1055 58 0 0
25499093930305 1057 58 0 0
41258400653405 942 59 0 0
41258400659318 944 59 0 0
41258400658689 946 59 0 0
41258400659060 948 59 0 0
41258400654319 950 59 0 0
41258400659282 952 59 0 0
41258400660278 954 59 0 0
41258400655509 956 59 0 0
41258400658809 958 59 0 0
41258400653130 960 59 0 0
41258400655805 962 59 0 0
41258400657641 964 59 0 0
41258400656900 966 59 0 0
41258400652219 968 59 0 0
41258400660096 970 59 0 0
41258400654081 972 59 0 0
41258400661089 974 59 0 0
41258400653728 976 59 0 0
41258400656128 978 59 0 0
41258400658738 980 59 0 0
41258400655797 982 59 0 0
41258400661281 984 59 0 0
41258400660018 986 59 0 0
41258400658039 988 59 0 0
41258400654209 990 59 0 0
41258400660229 992 59 0 0
41258400656501 994 59 0 0
41258400657311 996 59 0 0
41258400653897 998 59 0 0
41258400656598 1000 59 0 0
41258400661311 1002 59 0 0
41258400654532 1004 59 0 0
41258400652821 1006 59 0 0
41258400660383 1008 59 0 0
41258400657925 1010 59 0 0
41258400659526 1012 59 0 0
41258400658198 1014 59 0 0
41258400652431 1016 59 0 0
41258400655693 1018 59 0 0
41258400653444 1020 59 0 0
41258400659380 1022 59 0 0
41258400660500 1024 59 0 0
41258400655556 1026 59 0 0
41258400655297 1028 59 0 0
41258400656619 1030 59 0 0
41258400656473 1032 59 0 0
41258400659939 1034 59 0 0
41258400660185 1036 59 0 0
41258400658542 1038 59 0 0
41258400659265 1040 59 0 0
41258400652381 1042 59 0 0
41258400652380 1044 59 0 0
41258400656806 1046 59 0 0
41258400661997 1048 59 0 0
41258400652450 1050 59 0 0
41258400653421 1052 59 0 0
41258400659716 1054 59 0 0
41258400654789 1056 59 0 0
41258400652519 1058 59 0 0
66757494590528 941 60 0 0
66757494591780 943 60 0 0
66757494592172 945 60 0 0
66757494587760 947 60 0 0
66757494583302 949 60 0 0
66757494590296 951 60 0 0
66757494582795 953 60 0 0
66757494584146 955 60 0 0
66757494590115 957 60 0 0
66757494586048 959 60 0 0
66757494584404 961 60 0 0
66757494585941 963 60 0 0
66757494585852 965 60 0 0
66757494589343 967 60 0 0
66757494583746 969 60 0 0
66757494583520 971 60 0 0
66757494583251 973 60 0 0
66757494590977 975 60 0 0
66757494592261 977 60 0 0
66757494590241 979 60 0 0
66757494592205 981 60 0 0
66757494588424 983 60 0 0
66757494583512 985 60 0 0
66757494584862 987 60 0 0
66757494587843 989 60 0 0
66757494591854 991 60 0 0
66757494586284 993 60 0 0
66757494582978 995 60 0 0
66757494586724 997 60 0 0
66757494584539 999 60 0 0
66757494587632 1001 60 0 0
66757494590866 1003 60 0 0
66757494586416 1005 60 0 0
66757494586103 1007 60 0 0
66757494585351 1009 60 0 0
66757494589838 1011 60 0 0
66757494588839 1013 60 0 0
66757494587627 1015 60 0 0
66757494584169 1017 60 0 0
66757494586472 1019 60 0 0
66757494583726 1021 60 0 0
66757494586011 1023 60 0 0
66757494589974 1025 60 0 0
66757494584838 1027 60 0 0
66757494591526 1029 60 0 0
66757494589799 1031 60 0 0
66757494584288 1033 60 0 0
66757494585692 1035 60 0 0
66757494586537 1037 60 0 0
66757494583421 1039 60 0 0
66757494585018 1041 60 0 0
66757494589411 1043 60 0 0
66757494590694 1045 60 0 0
66757494584855 1047 60 0 0
66757494587123 1049 60 0 0
66757494584633 1051 60 0 0
66757494590480 1053 60 0 0
66757494589593 1055 60 0 0
66757494588438 1057 60 0 0
66757494591736 1059 60 0 0
